##TITLE= Reburp
##JCAMP-DX= 5.00 Bruker JCAMP library
##DATA TYPE= Shape Data
##ORIGIN= Bruker BioSpin GmbH
##OWNER= <demo>
##DATE= 2004/11/22
##TIME= 17:17:52
##$SHAPE_PARAMETERS= Type: ReBurp
##MINX= 2.966470E-02
##MAXX= 1.000000E02
##MINY= 0.000000E00
##MAXY= 1.800000E02
##$SHAPE_EXMODE= Refocussing
##$SHAPE_TOTROT= 1.800000E02
##$SHAPE_TYPE= Refocussing
##$SHAPE_USER_DEF= 
##$SHAPE_REPHFAC= 
##$SHAPE_BWFAC= 5.814000E00
##$SHAPE_BWFAC50= 
##$SHAPE_INTEGFAC= 7.981016E-02
##$SHAPE_MODE= 0
##NPOINTS= 1000
##XYPOINTS= (XY..XY)
7.491619E00, 1.800000E02
7.491619E00, 1.800000E02
7.485517E00, 1.800000E02
7.473341E00, 1.800000E02
7.455152E00, 1.800000E02
7.431036E00, 1.800000E02
7.401110E00, 1.800000E02
7.365518E00, 1.800000E02
7.324428E00, 1.800000E02
7.278037E00, 1.800000E02
7.226563E00, 1.800000E02
7.170246E00, 1.800000E02
7.109349E00, 1.800000E02
7.044150E00, 1.800000E02
6.974947E00, 1.800000E02
6.902049E00, 1.800000E02
6.825779E00, 1.800000E02
6.746470E00, 1.800000E02
6.664462E00, 1.800000E02
6.580100E00, 1.800000E02
6.493730E00, 1.800000E02
6.405700E00, 1.800000E02
6.316355E00, 1.800000E02
6.226036E00, 1.800000E02
6.135075E00, 1.800000E02
6.043796E00, 1.800000E02
5.952510E00, 1.800000E02
5.861515E00, 1.800000E02
5.771093E00, 1.800000E02
5.681508E00, 1.800000E02
5.593004E00, 1.800000E02
5.505804E00, 1.800000E02
5.420109E00, 1.800000E02
5.336095E00, 1.800000E02
5.253915E00, 1.800000E02
5.173695E00, 1.800000E02
5.095533E00, 1.800000E02
5.019503E00, 1.800000E02
4.945650E00, 1.800000E02
4.873992E00, 1.800000E02
4.804519E00, 1.800000E02
4.737197E00, 1.800000E02
4.671962E00, 1.800000E02
4.608728E00, 1.800000E02
4.547381E00, 1.800000E02
4.487787E00, 1.800000E02
4.429787E00, 1.800000E02
4.373204E00, 1.800000E02
4.317838E00, 1.800000E02
4.263476E00, 1.800000E02
4.209885E00, 1.800000E02
4.156823E00, 1.800000E02
4.104031E00, 1.800000E02
4.051246E00, 1.800000E02
3.998194E00, 1.800000E02
3.944597E00, 1.800000E02
3.890174E00, 1.800000E02
3.834644E00, 1.800000E02
3.777725E00, 1.800000E02
3.719142E00, 1.800000E02
3.658624E00, 1.800000E02
3.595908E00, 1.800000E02
3.530742E00, 1.800000E02
3.462886E00, 1.800000E02
3.392110E00, 1.800000E02
3.318205E00, 1.800000E02
3.240975E00, 1.800000E02
3.160244E00, 1.800000E02
3.075854E00, 1.800000E02
2.987670E00, 1.800000E02
2.895578E00, 1.800000E02
2.799484E00, 1.800000E02
2.699320E00, 1.800000E02
2.595040E00, 1.800000E02
2.486623E00, 1.800000E02
2.374070E00, 1.800000E02
2.257405E00, 1.800000E02
2.136678E00, 1.800000E02
2.011960E00, 1.800000E02
1.883344E00, 1.800000E02
1.750945E00, 1.800000E02
1.614897E00, 1.800000E02
1.475355E00, 1.800000E02
1.332492E00, 1.800000E02
1.186495E00, 1.800000E02
1.037569E00, 1.800000E02
8.859324E-01, 1.800000E02
7.318138E-01, 1.800000E02
5.754535E-01, 1.800000E02
4.170999E-01, 1.800000E02
2.570081E-01, 1.800000E02
9.543817E-02, 1.800000E02
6.734695E-02, 0.000000E00
2.310830E-01, 0.000000E00
3.955064E-01, 0.000000E00
5.603560E-01, 0.000000E00
7.253747E-01, 0.000000E00
8.903112E-01, 0.000000E00
1.054922E00, 0.000000E00
1.218971E00, 0.000000E00
1.382235E00, 0.000000E00
1.544500E00, 0.000000E00
1.705566E00, 0.000000E00
1.865248E00, 0.000000E00
2.023372E00, 0.000000E00
2.179784E00, 0.000000E00
2.334343E00, 0.000000E00
2.486927E00, 0.000000E00
2.637431E00, 0.000000E00
2.785765E00, 0.000000E00
2.931858E00, 0.000000E00
3.075658E00, 0.000000E00
3.217127E00, 0.000000E00
3.356245E00, 0.000000E00
3.493010E00, 0.000000E00
3.627432E00, 0.000000E00
3.759539E00, 0.000000E00
3.889371E00, 0.000000E00
4.016983E00, 0.000000E00
4.142440E00, 0.000000E00
4.265819E00, 0.000000E00
4.387206E00, 0.000000E00
4.506695E00, 0.000000E00
4.624388E00, 0.000000E00
4.740391E00, 0.000000E00
4.854817E00, 0.000000E00
4.967778E00, 0.000000E00
5.079391E00, 0.000000E00
5.189769E00, 0.000000E00
5.299028E00, 0.000000E00
5.407278E00, 0.000000E00
5.514625E00, 0.000000E00
5.621171E00, 0.000000E00
5.727011E00, 0.000000E00
5.832233E00, 0.000000E00
5.936913E00, 0.000000E00
6.041122E00, 0.000000E00
6.144917E00, 0.000000E00
6.248346E00, 0.000000E00
6.351443E00, 0.000000E00
6.454232E00, 0.000000E00
6.556721E00, 0.000000E00
6.658908E00, 0.000000E00
6.760776E00, 0.000000E00
6.862296E00, 0.000000E00
6.963423E00, 0.000000E00
7.064103E00, 0.000000E00
7.164265E00, 0.000000E00
7.263828E00, 0.000000E00
7.362700E00, 0.000000E00
7.460773E00, 0.000000E00
7.557935E00, 0.000000E00
7.654058E00, 0.000000E00
7.749009E00, 0.000000E00
7.842644E00, 0.000000E00
7.934815E00, 0.000000E00
8.025365E00, 0.000000E00
8.114133E00, 0.000000E00
8.200953E00, 0.000000E00
8.285659E00, 0.000000E00
8.368079E00, 0.000000E00
8.448044E00, 0.000000E00
8.525383E00, 0.000000E00
8.599928E00, 0.000000E00
8.671512E00, 0.000000E00
8.739972E00, 0.000000E00
8.805152E00, 0.000000E00
8.866898E00, 0.000000E00
8.925064E00, 0.000000E00
8.979511E00, 0.000000E00
9.030108E00, 0.000000E00
9.076734E00, 0.000000E00
9.119273E00, 0.000000E00
9.157623E00, 0.000000E00
9.191690E00, 0.000000E00
9.221391E00, 0.000000E00
9.246653E00, 0.000000E00
9.267414E00, 0.000000E00
9.283623E00, 0.000000E00
9.295240E00, 0.000000E00
9.302234E00, 0.000000E00
9.304588E00, 0.000000E00
9.302291E00, 0.000000E00
9.295344E00, 0.000000E00
9.283757E00, 0.000000E00
9.267550E00, 0.000000E00
9.246750E00, 0.000000E00
9.221391E00, 0.000000E00
9.191515E00, 0.000000E00
9.157172E00, 0.000000E00
9.118416E00, 0.000000E00
9.075305E00, 0.000000E00
9.027904E00, 0.000000E00
8.976278E00, 0.000000E00
8.920498E00, 0.000000E00
8.860635E00, 0.000000E00
8.796761E00, 0.000000E00
8.728950E00, 0.000000E00
8.657274E00, 0.000000E00
8.581805E00, 0.000000E00
8.502614E00, 0.000000E00
8.419769E00, 0.000000E00
8.333335E00, 0.000000E00
8.243375E00, 0.000000E00
8.149948E00, 0.000000E00
8.053109E00, 0.000000E00
7.952908E00, 0.000000E00
7.849391E00, 0.000000E00
7.742601E00, 0.000000E00
7.632574E00, 0.000000E00
7.519343E00, 0.000000E00
7.402934E00, 0.000000E00
7.283370E00, 0.000000E00
7.160669E00, 0.000000E00
7.034846E00, 0.000000E00
6.905909E00, 0.000000E00
6.773864E00, 0.000000E00
6.638714E00, 0.000000E00
6.500457E00, 0.000000E00
6.359091E00, 0.000000E00
6.214609E00, 0.000000E00
6.067005E00, 0.000000E00
5.916269E00, 0.000000E00
5.762393E00, 0.000000E00
5.605366E00, 0.000000E00
5.445180E00, 0.000000E00
5.281825E00, 0.000000E00
5.115296E00, 0.000000E00
4.945586E00, 0.000000E00
4.772693E00, 0.000000E00
4.596616E00, 0.000000E00
4.417359E00, 0.000000E00
4.234929E00, 0.000000E00
4.049335E00, 0.000000E00
3.860593E00, 0.000000E00
3.668721E00, 0.000000E00
3.473745E00, 0.000000E00
3.275691E00, 0.000000E00
3.074596E00, 0.000000E00
2.870496E00, 0.000000E00
2.663436E00, 0.000000E00
2.453466E00, 0.000000E00
2.240639E00, 0.000000E00
2.025015E00, 0.000000E00
1.806656E00, 0.000000E00
1.585631E00, 0.000000E00
1.362012E00, 0.000000E00
1.135876E00, 0.000000E00
9.073019E-01, 0.000000E00
6.763737E-01, 0.000000E00
4.431771E-01, 0.000000E00
2.078007E-01, 0.000000E00
2.966470E-02, 1.800000E02
2.691268E-01, 1.800000E02
5.104920E-01, 1.800000E02
7.536658E-01, 1.800000E02
9.985532E-01, 1.800000E02
1.245059E00, 1.800000E02
1.493090E00, 1.800000E02
1.742550E00, 1.800000E02
1.993349E00, 1.800000E02
2.245393E00, 1.800000E02
2.498595E00, 1.800000E02
2.752865E00, 1.800000E02
3.008119E00, 1.800000E02
3.264273E00, 1.800000E02
3.521246E00, 1.800000E02
3.778960E00, 1.800000E02
4.037340E00, 1.800000E02
4.296312E00, 1.800000E02
4.555806E00, 1.800000E02
4.815752E00, 1.800000E02
5.076086E00, 1.800000E02
5.336743E00, 1.800000E02
5.597660E00, 1.800000E02
5.858777E00, 1.800000E02
6.120033E00, 1.800000E02
6.381370E00, 1.800000E02
6.642730E00, 1.800000E02
6.904054E00, 1.800000E02
7.165282E00, 1.800000E02
7.426355E00, 1.800000E02
7.687211E00, 1.800000E02
7.947789E00, 1.800000E02
8.208021E00, 1.800000E02
8.467840E00, 1.800000E02
8.727175E00, 1.800000E02
8.985950E00, 1.800000E02
9.244087E00, 1.800000E02
9.501501E00, 1.800000E02
9.758104E00, 1.800000E02
1.001380E01, 1.800000E02
1.026850E01, 1.800000E02
1.052208E01, 1.800000E02
1.077444E01, 1.800000E02
1.102547E01, 1.800000E02
1.127503E01, 1.800000E02
1.152300E01, 1.800000E02
1.176924E01, 1.800000E02
1.201361E01, 1.800000E02
1.225596E01, 1.800000E02
1.249613E01, 1.800000E02
1.273396E01, 1.800000E02
1.296929E01, 1.800000E02
1.320194E01, 1.800000E02
1.343174E01, 1.800000E02
1.365851E01, 1.800000E02
1.388205E01, 1.800000E02
1.410219E01, 1.800000E02
1.431872E01, 1.800000E02
1.453145E01, 1.800000E02
1.474020E01, 1.800000E02
1.494475E01, 1.800000E02
1.514491E01, 1.800000E02
1.534049E01, 1.800000E02
1.553128E01, 1.800000E02
1.571709E01, 1.800000E02
1.589773E01, 1.800000E02
1.607299E01, 1.800000E02
1.624271E01, 1.800000E02
1.640668E01, 1.800000E02
1.656473E01, 1.800000E02
1.671668E01, 1.800000E02
1.686237E01, 1.800000E02
1.700162E01, 1.800000E02
1.713428E01, 1.800000E02
1.726020E01, 1.800000E02
1.737922E01, 1.800000E02
1.749122E01, 1.800000E02
1.759606E01, 1.800000E02
1.769361E01, 1.800000E02
1.778376E01, 1.800000E02
1.786638E01, 1.800000E02
1.794139E01, 1.800000E02
1.800868E01, 1.800000E02
1.806816E01, 1.800000E02
1.811974E01, 1.800000E02
1.816334E01, 1.800000E02
1.819890E01, 1.800000E02
1.822633E01, 1.800000E02
1.824557E01, 1.800000E02
1.825656E01, 1.800000E02
1.825925E01, 1.800000E02
1.825356E01, 1.800000E02
1.823946E01, 1.800000E02
1.821688E01, 1.800000E02
1.818577E01, 1.800000E02
1.814608E01, 1.800000E02
1.809775E01, 1.800000E02
1.804073E01, 1.800000E02
1.797495E01, 1.800000E02
1.790036E01, 1.800000E02
1.781690E01, 1.800000E02
1.772449E01, 1.800000E02
1.762306E01, 1.800000E02
1.751253E01, 1.800000E02
1.739282E01, 1.800000E02
1.726384E01, 1.800000E02
1.712549E01, 1.800000E02
1.697768E01, 1.800000E02
1.682029E01, 1.800000E02
1.665321E01, 1.800000E02
1.647633E01, 1.800000E02
1.628951E01, 1.800000E02
1.609262E01, 1.800000E02
1.588552E01, 1.800000E02
1.566807E01, 1.800000E02
1.544011E01, 1.800000E02
1.520149E01, 1.800000E02
1.495206E01, 1.800000E02
1.469164E01, 1.800000E02
1.442006E01, 1.800000E02
1.413717E01, 1.800000E02
1.384278E01, 1.800000E02
1.353672E01, 1.800000E02
1.321882E01, 1.800000E02
1.288889E01, 1.800000E02
1.254678E01, 1.800000E02
1.219229E01, 1.800000E02
1.182528E01, 1.800000E02
1.144555E01, 1.800000E02
1.105297E01, 1.800000E02
1.064735E01, 1.800000E02
1.022856E01, 1.800000E02
9.796433E00, 1.800000E02
9.350842E00, 1.800000E02
8.891646E00, 1.800000E02
8.418720E00, 1.800000E02
7.931943E00, 1.800000E02
7.431205E00, 1.800000E02
6.916404E00, 1.800000E02
6.387444E00, 1.800000E02
5.844242E00, 1.800000E02
5.286722E00, 1.800000E02
4.714815E00, 1.800000E02
4.128464E00, 1.800000E02
3.527618E00, 1.800000E02
2.912236E00, 1.800000E02
2.282284E00, 1.800000E02
1.637736E00, 1.800000E02
9.785727E-01, 1.800000E02
3.047813E-01, 1.800000E02
3.836448E-01, 0.000000E00
1.086707E00, 0.000000E00
1.804401E00, 0.000000E00
2.536720E00, 0.000000E00
3.283653E00, 0.000000E00
4.045186E00, 0.000000E00
4.821304E00, 0.000000E00
5.611991E00, 0.000000E00
6.417228E00, 0.000000E00
7.236999E00, 0.000000E00
8.071286E00, 0.000000E00
8.920074E00, 0.000000E00
9.783348E00, 0.000000E00
1.066110E01, 0.000000E00
1.155331E01, 0.000000E00
1.245997E01, 0.000000E00
1.338109E01, 0.000000E00
1.431665E01, 0.000000E00
1.526665E01, 0.000000E00
1.623109E01, 0.000000E00
1.720998E01, 0.000000E00
1.820331E01, 0.000000E00
1.921109E01, 0.000000E00
2.023331E01, 0.000000E00
2.126997E01, 0.000000E00
2.232106E01, 0.000000E00
2.338658E01, 0.000000E00
2.446650E01, 0.000000E00
2.556080E01, 0.000000E00
2.666944E01, 0.000000E00
2.779237E01, 0.000000E00
2.892952E01, 0.000000E00
3.008083E01, 0.000000E00
3.124618E01, 0.000000E00
3.242547E01, 0.000000E00
3.361854E01, 0.000000E00
3.482523E01, 0.000000E00
3.604534E01, 0.000000E00
3.727865E01, 0.000000E00
3.852487E01, 0.000000E00
3.978373E01, 0.000000E00
4.105488E01, 0.000000E00
4.233794E01, 0.000000E00
4.363249E01, 0.000000E00
4.493805E01, 0.000000E00
4.625412E01, 0.000000E00
4.758012E01, 0.000000E00
4.891543E01, 0.000000E00
5.025937E01, 0.000000E00
5.161123E01, 0.000000E00
5.297020E01, 0.000000E00
5.433545E01, 0.000000E00
5.570607E01, 0.000000E00
5.708110E01, 0.000000E00
5.845952E01, 0.000000E00
5.984024E01, 0.000000E00
6.122212E01, 0.000000E00
6.260397E01, 0.000000E00
6.398452E01, 0.000000E00
6.536246E01, 0.000000E00
6.673642E01, 0.000000E00
6.810498E01, 0.000000E00
6.946667E01, 0.000000E00
7.081996E01, 0.000000E00
7.216329E01, 0.000000E00
7.349506E01, 0.000000E00
7.481360E01, 0.000000E00
7.611725E01, 0.000000E00
7.740430E01, 0.000000E00
7.867299E01, 0.000000E00
7.992158E01, 0.000000E00
8.114829E01, 0.000000E00
8.235134E01, 0.000000E00
8.352892E01, 0.000000E00
8.467926E01, 0.000000E00
8.580055E01, 0.000000E00
8.689102E01, 0.000000E00
8.794892E01, 0.000000E00
8.897249E01, 0.000000E00
8.996004E01, 0.000000E00
9.090988E01, 0.000000E00
9.182038E01, 0.000000E00
9.268996E01, 0.000000E00
9.351706E01, 0.000000E00
9.430022E01, 0.000000E00
9.503801E01, 0.000000E00
9.572909E01, 0.000000E00
9.637217E01, 0.000000E00
9.696607E01, 0.000000E00
9.750966E01, 0.000000E00
9.800191E01, 0.000000E00
9.844189E01, 0.000000E00
9.882876E01, 0.000000E00
9.916176E01, 0.000000E00
9.944026E01, 0.000000E00
9.966372E01, 0.000000E00
9.983170E01, 0.000000E00
9.994386E01, 0.000000E00
1.000000E02, 0.000000E00
1.000000E02, 0.000000E00
9.994386E01, 0.000000E00
9.983170E01, 0.000000E00
9.966372E01, 0.000000E00
9.944026E01, 0.000000E00
9.916176E01, 0.000000E00
9.882876E01, 0.000000E00
9.844189E01, 0.000000E00
9.800191E01, 0.000000E00
9.750966E01, 0.000000E00
9.696607E01, 0.000000E00
9.637217E01, 0.000000E00
9.572909E01, 0.000000E00
9.503801E01, 0.000000E00
9.430022E01, 0.000000E00
9.351706E01, 0.000000E00
9.268996E01, 0.000000E00
9.182038E01, 0.000000E00
9.090988E01, 0.000000E00
8.996004E01, 0.000000E00
8.897249E01, 0.000000E00
8.794892E01, 0.000000E00
8.689102E01, 0.000000E00
8.580055E01, 0.000000E00
8.467926E01, 0.000000E00
8.352892E01, 0.000000E00
8.235134E01, 0.000000E00
8.114829E01, 0.000000E00
7.992158E01, 0.000000E00
7.867299E01, 0.000000E00
7.740430E01, 0.000000E00
7.611725E01, 0.000000E00
7.481360E01, 0.000000E00
7.349506E01, 0.000000E00
7.216329E01, 0.000000E00
7.081996E01, 0.000000E00
6.946667E01, 0.000000E00
6.810498E01, 0.000000E00
6.673642E01, 0.000000E00
6.536246E01, 0.000000E00
6.398452E01, 0.000000E00
6.260397E01, 0.000000E00
6.122212E01, 0.000000E00
5.984024E01, 0.000000E00
5.845952E01, 0.000000E00
5.708110E01, 0.000000E00
5.570607E01, 0.000000E00
5.433545E01, 0.000000E00
5.297020E01, 0.000000E00
5.161123E01, 0.000000E00
5.025937E01, 0.000000E00
4.891543E01, 0.000000E00
4.758012E01, 0.000000E00
4.625412E01, 0.000000E00
4.493805E01, 0.000000E00
4.363249E01, 0.000000E00
4.233794E01, 0.000000E00
4.105488E01, 0.000000E00
3.978373E01, 0.000000E00
3.852487E01, 0.000000E00
3.727865E01, 0.000000E00
3.604534E01, 0.000000E00
3.482523E01, 0.000000E00
3.361854E01, 0.000000E00
3.242547E01, 0.000000E00
3.124618E01, 0.000000E00
3.008083E01, 0.000000E00
2.892952E01, 0.000000E00
2.779237E01, 0.000000E00
2.666944E01, 0.000000E00
2.556080E01, 0.000000E00
2.446650E01, 0.000000E00
2.338658E01, 0.000000E00
2.232106E01, 0.000000E00
2.126997E01, 0.000000E00
2.023331E01, 0.000000E00
1.921109E01, 0.000000E00
1.820331E01, 0.000000E00
1.720998E01, 0.000000E00
1.623109E01, 0.000000E00
1.526665E01, 0.000000E00
1.431665E01, 0.000000E00
1.338109E01, 0.000000E00
1.245997E01, 0.000000E00
1.155331E01, 0.000000E00
1.066110E01, 0.000000E00
9.783348E00, 0.000000E00
8.920074E00, 0.000000E00
8.071286E00, 0.000000E00
7.236999E00, 0.000000E00
6.417228E00, 0.000000E00
5.611991E00, 0.000000E00
4.821304E00, 0.000000E00
4.045186E00, 0.000000E00
3.283653E00, 0.000000E00
2.536720E00, 0.000000E00
1.804401E00, 0.000000E00
1.086707E00, 0.000000E00
3.836448E-01, 0.000000E00
3.047813E-01, 1.800000E02
9.785727E-01, 1.800000E02
1.637736E00, 1.800000E02
2.282284E00, 1.800000E02
2.912236E00, 1.800000E02
3.527618E00, 1.800000E02
4.128464E00, 1.800000E02
4.714815E00, 1.800000E02
5.286722E00, 1.800000E02
5.844242E00, 1.800000E02
6.387444E00, 1.800000E02
6.916404E00, 1.800000E02
7.431205E00, 1.800000E02
7.931943E00, 1.800000E02
8.418720E00, 1.800000E02
8.891646E00, 1.800000E02
9.350842E00, 1.800000E02
9.796433E00, 1.800000E02
1.022856E01, 1.800000E02
1.064735E01, 1.800000E02
1.105297E01, 1.800000E02
1.144555E01, 1.800000E02
1.182528E01, 1.800000E02
1.219229E01, 1.800000E02
1.254678E01, 1.800000E02
1.288889E01, 1.800000E02
1.321882E01, 1.800000E02
1.353672E01, 1.800000E02
1.384278E01, 1.800000E02
1.413717E01, 1.800000E02
1.442006E01, 1.800000E02
1.469164E01, 1.800000E02
1.495206E01, 1.800000E02
1.520149E01, 1.800000E02
1.544011E01, 1.800000E02
1.566807E01, 1.800000E02
1.588552E01, 1.800000E02
1.609262E01, 1.800000E02
1.628951E01, 1.800000E02
1.647633E01, 1.800000E02
1.665321E01, 1.800000E02
1.682029E01, 1.800000E02
1.697768E01, 1.800000E02
1.712549E01, 1.800000E02
1.726384E01, 1.800000E02
1.739282E01, 1.800000E02
1.751253E01, 1.800000E02
1.762306E01, 1.800000E02
1.772449E01, 1.800000E02
1.781690E01, 1.800000E02
1.790036E01, 1.800000E02
1.797495E01, 1.800000E02
1.804073E01, 1.800000E02
1.809775E01, 1.800000E02
1.814608E01, 1.800000E02
1.818577E01, 1.800000E02
1.821688E01, 1.800000E02
1.823946E01, 1.800000E02
1.825356E01, 1.800000E02
1.825925E01, 1.800000E02
1.825656E01, 1.800000E02
1.824557E01, 1.800000E02
1.822633E01, 1.800000E02
1.819890E01, 1.800000E02
1.816334E01, 1.800000E02
1.811974E01, 1.800000E02
1.806816E01, 1.800000E02
1.800868E01, 1.800000E02
1.794139E01, 1.800000E02
1.786638E01, 1.800000E02
1.778376E01, 1.800000E02
1.769361E01, 1.800000E02
1.759606E01, 1.800000E02
1.749122E01, 1.800000E02
1.737922E01, 1.800000E02
1.726020E01, 1.800000E02
1.713428E01, 1.800000E02
1.700162E01, 1.800000E02
1.686237E01, 1.800000E02
1.671668E01, 1.800000E02
1.656473E01, 1.800000E02
1.640668E01, 1.800000E02
1.624271E01, 1.800000E02
1.607299E01, 1.800000E02
1.589773E01, 1.800000E02
1.571709E01, 1.800000E02
1.553128E01, 1.800000E02
1.534049E01, 1.800000E02
1.514491E01, 1.800000E02
1.494475E01, 1.800000E02
1.474020E01, 1.800000E02
1.453145E01, 1.800000E02
1.431872E01, 1.800000E02
1.410219E01, 1.800000E02
1.388205E01, 1.800000E02
1.365851E01, 1.800000E02
1.343174E01, 1.800000E02
1.320194E01, 1.800000E02
1.296929E01, 1.800000E02
1.273396E01, 1.800000E02
1.249613E01, 1.800000E02
1.225596E01, 1.800000E02
1.201361E01, 1.800000E02
1.176924E01, 1.800000E02
1.152300E01, 1.800000E02
1.127503E01, 1.800000E02
1.102547E01, 1.800000E02
1.077444E01, 1.800000E02
1.052208E01, 1.800000E02
1.026850E01, 1.800000E02
1.001380E01, 1.800000E02
9.758104E00, 1.800000E02
9.501501E00, 1.800000E02
9.244087E00, 1.800000E02
8.985950E00, 1.800000E02
8.727175E00, 1.800000E02
8.467840E00, 1.800000E02
8.208021E00, 1.800000E02
7.947789E00, 1.800000E02
7.687211E00, 1.800000E02
7.426355E00, 1.800000E02
7.165282E00, 1.800000E02
6.904054E00, 1.800000E02
6.642730E00, 1.800000E02
6.381370E00, 1.800000E02
6.120033E00, 1.800000E02
5.858777E00, 1.800000E02
5.597660E00, 1.800000E02
5.336743E00, 1.800000E02
5.076086E00, 1.800000E02
4.815752E00, 1.800000E02
4.555806E00, 1.800000E02
4.296312E00, 1.800000E02
4.037340E00, 1.800000E02
3.778960E00, 1.800000E02
3.521246E00, 1.800000E02
3.264273E00, 1.800000E02
3.008119E00, 1.800000E02
2.752865E00, 1.800000E02
2.498595E00, 1.800000E02
2.245393E00, 1.800000E02
1.993349E00, 1.800000E02
1.742550E00, 1.800000E02
1.493090E00, 1.800000E02
1.245059E00, 1.800000E02
9.985532E-01, 1.800000E02
7.536658E-01, 1.800000E02
5.104920E-01, 1.800000E02
2.691268E-01, 1.800000E02
2.966470E-02, 1.800000E02
2.078007E-01, 0.000000E00
4.431771E-01, 0.000000E00
6.763737E-01, 0.000000E00
9.073019E-01, 0.000000E00
1.135876E00, 0.000000E00
1.362012E00, 0.000000E00
1.585631E00, 0.000000E00
1.806656E00, 0.000000E00
2.025015E00, 0.000000E00
2.240639E00, 0.000000E00
2.453466E00, 0.000000E00
2.663436E00, 0.000000E00
2.870496E00, 0.000000E00
3.074596E00, 0.000000E00
3.275691E00, 0.000000E00
3.473745E00, 0.000000E00
3.668721E00, 0.000000E00
3.860593E00, 0.000000E00
4.049335E00, 0.000000E00
4.234929E00, 0.000000E00
4.417359E00, 0.000000E00
4.596616E00, 0.000000E00
4.772693E00, 0.000000E00
4.945586E00, 0.000000E00
5.115296E00, 0.000000E00
5.281825E00, 0.000000E00
5.445180E00, 0.000000E00
5.605366E00, 0.000000E00
5.762393E00, 0.000000E00
5.916269E00, 0.000000E00
6.067005E00, 0.000000E00
6.214609E00, 0.000000E00
6.359091E00, 0.000000E00
6.500457E00, 0.000000E00
6.638714E00, 0.000000E00
6.773864E00, 0.000000E00
6.905909E00, 0.000000E00
7.034846E00, 0.000000E00
7.160669E00, 0.000000E00
7.283370E00, 0.000000E00
7.402934E00, 0.000000E00
7.519343E00, 0.000000E00
7.632574E00, 0.000000E00
7.742601E00, 0.000000E00
7.849391E00, 0.000000E00
7.952908E00, 0.000000E00
8.053109E00, 0.000000E00
8.149948E00, 0.000000E00
8.243375E00, 0.000000E00
8.333335E00, 0.000000E00
8.419769E00, 0.000000E00
8.502614E00, 0.000000E00
8.581805E00, 0.000000E00
8.657274E00, 0.000000E00
8.728950E00, 0.000000E00
8.796761E00, 0.000000E00
8.860635E00, 0.000000E00
8.920498E00, 0.000000E00
8.976278E00, 0.000000E00
9.027904E00, 0.000000E00
9.075305E00, 0.000000E00
9.118416E00, 0.000000E00
9.157172E00, 0.000000E00
9.191515E00, 0.000000E00
9.221391E00, 0.000000E00
9.246750E00, 0.000000E00
9.267550E00, 0.000000E00
9.283757E00, 0.000000E00
9.295344E00, 0.000000E00
9.302291E00, 0.000000E00
9.304588E00, 0.000000E00
9.302234E00, 0.000000E00
9.295240E00, 0.000000E00
9.283623E00, 0.000000E00
9.267414E00, 0.000000E00
9.246653E00, 0.000000E00
9.221391E00, 0.000000E00
9.191690E00, 0.000000E00
9.157623E00, 0.000000E00
9.119273E00, 0.000000E00
9.076734E00, 0.000000E00
9.030108E00, 0.000000E00
8.979511E00, 0.000000E00
8.925064E00, 0.000000E00
8.866898E00, 0.000000E00
8.805152E00, 0.000000E00
8.739972E00, 0.000000E00
8.671512E00, 0.000000E00
8.599928E00, 0.000000E00
8.525383E00, 0.000000E00
8.448044E00, 0.000000E00
8.368079E00, 0.000000E00
8.285659E00, 0.000000E00
8.200953E00, 0.000000E00
8.114133E00, 0.000000E00
8.025365E00, 0.000000E00
7.934815E00, 0.000000E00
7.842644E00, 0.000000E00
7.749009E00, 0.000000E00
7.654058E00, 0.000000E00
7.557935E00, 0.000000E00
7.460773E00, 0.000000E00
7.362700E00, 0.000000E00
7.263828E00, 0.000000E00
7.164265E00, 0.000000E00
7.064103E00, 0.000000E00
6.963423E00, 0.000000E00
6.862296E00, 0.000000E00
6.760776E00, 0.000000E00
6.658908E00, 0.000000E00
6.556721E00, 0.000000E00
6.454232E00, 0.000000E00
6.351443E00, 0.000000E00
6.248346E00, 0.000000E00
6.144917E00, 0.000000E00
6.041122E00, 0.000000E00
5.936913E00, 0.000000E00
5.832233E00, 0.000000E00
5.727011E00, 0.000000E00
5.621171E00, 0.000000E00
5.514625E00, 0.000000E00
5.407278E00, 0.000000E00
5.299028E00, 0.000000E00
5.189769E00, 0.000000E00
5.079391E00, 0.000000E00
4.967778E00, 0.000000E00
4.854817E00, 0.000000E00
4.740391E00, 0.000000E00
4.624388E00, 0.000000E00
4.506695E00, 0.000000E00
4.387206E00, 0.000000E00
4.265819E00, 0.000000E00
4.142440E00, 0.000000E00
4.016983E00, 0.000000E00
3.889371E00, 0.000000E00
3.759539E00, 0.000000E00
3.627432E00, 0.000000E00
3.493010E00, 0.000000E00
3.356245E00, 0.000000E00
3.217127E00, 0.000000E00
3.075658E00, 0.000000E00
2.931858E00, 0.000000E00
2.785765E00, 0.000000E00
2.637431E00, 0.000000E00
2.486927E00, 0.000000E00
2.334343E00, 0.000000E00
2.179784E00, 0.000000E00
2.023372E00, 0.000000E00
1.865248E00, 0.000000E00
1.705566E00, 0.000000E00
1.544500E00, 0.000000E00
1.382235E00, 0.000000E00
1.218971E00, 0.000000E00
1.054922E00, 0.000000E00
8.903112E-01, 0.000000E00
7.253747E-01, 0.000000E00
5.603560E-01, 0.000000E00
3.955064E-01, 0.000000E00
2.310830E-01, 0.000000E00
6.734695E-02, 0.000000E00
9.543817E-02, 1.800000E02
2.570081E-01, 1.800000E02
4.170999E-01, 1.800000E02
5.754535E-01, 1.800000E02
7.318138E-01, 1.800000E02
8.859324E-01, 1.800000E02
1.037569E00, 1.800000E02
1.186495E00, 1.800000E02
1.332492E00, 1.800000E02
1.475355E00, 1.800000E02
1.614897E00, 1.800000E02
1.750945E00, 1.800000E02
1.883344E00, 1.800000E02
2.011960E00, 1.800000E02
2.136678E00, 1.800000E02
2.257405E00, 1.800000E02
2.374070E00, 1.800000E02
2.486623E00, 1.800000E02
2.595040E00, 1.800000E02
2.699320E00, 1.800000E02
2.799484E00, 1.800000E02
2.895578E00, 1.800000E02
2.987670E00, 1.800000E02
3.075854E00, 1.800000E02
3.160244E00, 1.800000E02
3.240975E00, 1.800000E02
3.318205E00, 1.800000E02
3.392110E00, 1.800000E02
3.462886E00, 1.800000E02
3.530742E00, 1.800000E02
3.595908E00, 1.800000E02
3.658624E00, 1.800000E02
3.719142E00, 1.800000E02
3.777725E00, 1.800000E02
3.834644E00, 1.800000E02
3.890174E00, 1.800000E02
3.944597E00, 1.800000E02
3.998194E00, 1.800000E02
4.051246E00, 1.800000E02
4.104031E00, 1.800000E02
4.156823E00, 1.800000E02
4.209885E00, 1.800000E02
4.263476E00, 1.800000E02
4.317838E00, 1.800000E02
4.373204E00, 1.800000E02
4.429787E00, 1.800000E02
4.487787E00, 1.800000E02
4.547381E00, 1.800000E02
4.608728E00, 1.800000E02
4.671962E00, 1.800000E02
4.737197E00, 1.800000E02
4.804519E00, 1.800000E02
4.873992E00, 1.800000E02
4.945650E00, 1.800000E02
5.019503E00, 1.800000E02
5.095533E00, 1.800000E02
5.173695E00, 1.800000E02
5.253915E00, 1.800000E02
5.336095E00, 1.800000E02
5.420109E00, 1.800000E02
5.505804E00, 1.800000E02
5.593004E00, 1.800000E02
5.681508E00, 1.800000E02
5.771093E00, 1.800000E02
5.861515E00, 1.800000E02
5.952510E00, 1.800000E02
6.043796E00, 1.800000E02
6.135075E00, 1.800000E02
6.226036E00, 1.800000E02
6.316355E00, 1.800000E02
6.405700E00, 1.800000E02
6.493730E00, 1.800000E02
6.580100E00, 1.800000E02
6.664462E00, 1.800000E02
6.746470E00, 1.800000E02
6.825779E00, 1.800000E02
6.902049E00, 1.800000E02
6.974947E00, 1.800000E02
7.044150E00, 1.800000E02
7.109349E00, 1.800000E02
7.170246E00, 1.800000E02
7.226563E00, 1.800000E02
7.278037E00, 1.800000E02
7.324428E00, 1.800000E02
7.365518E00, 1.800000E02
7.401110E00, 1.800000E02
7.431036E00, 1.800000E02
7.455152E00, 1.800000E02
7.473341E00, 1.800000E02
7.485517E00, 1.800000E02
##END
