##TITLE= Parameter file, TopSpin 3.5 pl 6
##JCAMPDX= 5.0
##DATATYPE= Parameter Values
##NPOINTS= 1	$$ modification sequence number
##ORIGIN= Bruker BioSpin GmbH
##OWNER= waudbyc
$$ 2019-11-20 19:02:32.535 +0000  waudbyc@cl-nmr-spec602
$$ /home/waudbyc/nmr/chris_nuws_ubq_201119/5/pdata/1/clevels
$$ process /opt/topspin3.5pl6/prog/au/bin/iexpno
##$LEVELS= (0..255)
-149544.304730166 -83080.1692945369 -46155.649608076 -25642.0275600423
-14245.5708666901 -7914.20603705009 -4396.7811316945 -2442.65618427471
2442.65618427471 4396.7811316945 7914.20603705009 14245.5708666901 25642.0275600423
46155.649608076 83080.1692945369 149544.304730166 0 0 0 0 0 0 0 0 0 0 0
0 0 0 0 0 0 0 0 0 0 0 0 0 0 0 0 0 0 0 0 0 0 0 0 0 0 0 0 0 0 0 0 0 0 0 0
0 0 0 0 0 0 0 0 0 0 0 0 0 0 0 0 0 0 0 0 0 0 0 0 0 0 0 0 0 0 0 0 0 0 0 0
0 0 0 0 0 0 0 0 0 0 0 0 0 0 0 0 0 0 0 0 0 0 0 0 0 0 0 0 0 0 0 0 0 0 0 0
0 0 0 0 0 0 0 0 0 0 0 0 0 0 0 0 0 0 0 0 0 0 0 0 0 0 0 0 0 0 0 0 0 0 0 0
0 0 0 0 0 0 0 0 0 0 0 0 0 0 0 0 0 0 0 0 0 0 0 0 0 0 0 0 0 0 0 0 0 0 0 0
0 0 0 0 0 0 0 0 0 0 0 0 0 0 0 0 0 0 0 0 0 0 0 0 0 0 0 0 0 0 0 0 0 0 0 0
0 0 0 0 0 0 0 0 0 0 0 0 0
##$LEVSIGN= 3
##$MAXLEV= 8
##$METHOD= 0
##$NEGBASE= -1727.218752
##$NEGINCR= 1.8
##$POSBASE= 1727.218752
##$POSINCR= 1.8
##END=
