##TITLE= Parameter file, TopSpin 4.2.0
##JCAMPDX= 5.0
##DATATYPE= Parameter Values
##NPOINTS= 9	$$ modification sequence number
##ORIGIN= Bruker BioSpin GmbH
##OWNER= waudbyc
$$ 2023-05-30 18:14:03.807 +0100  chris@eduroam-int-dhcp-98-164-210.ucl.ac.uk
$$ /Users/chris/.julia/dev/NMRTools/exampledata/2D_HN/1/pdata/1/clevels
$$ process /opt/topspin4.2.0/prog/mod/dataserver
##$LEVELS= (0..255)
-355678.302382428 -197599.056879127 -109777.253821737 -60987.3632342986
-33881.8684634991 -18823.2602574996 -10457.366809722 -5809.6482276233 5809.6482276233
10457.366809722 18823.2602574996 33881.8684634991 60987.3632342986 109777.253821737
197599.056879127 355678.302382428 0 0 0 0 0 0 0 0 0 0 0 0 0 0 0 0 0 0 0
0 0 0 0 0 0 0 0 0 0 0 0 0 0 0 0 0 0 0 0 0 0 0 0 0 0 0 0 0 0 0 0 0 0 0 0
0 0 0 0 0 0 0 0 0 0 0 0 0 0 0 0 0 0 0 0 0 0 0 0 0 0 0 0 0 0 0 0 0 0 0 0
0 0 0 0 0 0 0 0 0 0 0 0 0 0 0 0 0 0 0 0 0 0 0 0 0 0 0 0 0 0 0 0 0 0 0 0
0 0 0 0 0 0 0 0 0 0 0 0 0 0 0 0 0 0 0 0 0 0 0 0 0 0 0 0 0 0 0 0 0 0 0 0
0 0 0 0 0 0 0 0 0 0 0 0 0 0 0 0 0 0 0 0 0 0 0 0 0 0 0 0 0 0 0 0 0 0 0 0
0 0 0 0 0 0 0 0 0 0 0 0 0 0 0 0 0 0 0 0 0 0 0 0 0 0 0 0 0 0 0 0 0 0 0 0
0 0 0 0 0
##$LEVSIGN= 3
##$MAXLEV= 8
##$METHOD= 0
##$NEGBASE= -1727.218752
##$NEGINCR= 1.8
##$POSBASE= 1727.218752
##$POSINCR= 1.8
##END=
