##TITLE= Parameter file, TOPSPIN		Version 2.0
##JCAMPDX= 5.0
##DATATYPE= Parameter Values
##NPOINTS= 12	$$ modification sequence number
##ORIGIN= Bruker BioSpin GmbH
##OWNER= tf
$$ 2008-06-30 12:39:31.267 +0100  ccukier@spec602
$$ /nmrdata/data/ccukier/nmr/RRM12LL_FBPNbox_new/5/pdata/1/clevels
$$ process /opt/topspin/prog/mod/proc2d
##$LEVELS= (0..255)
3545.59 -3545.59 3751.87 -3751.87 3970.16 -3970.16 4201.14 -4201.14 4445.57 
-4445.57 4704.21 -4704.21 4977.9 -4977.9 5267.52 -5267.52 5573.98 -5573.98 
5898.28 -5898.28 6241.44 -6241.44 6604.57 -6604.57 6988.82 -6988.82 7395.43 
-7395.43 7825.7 -7825.7 8281 -8281 8762.79 -8762.79 9272.61 -9272.61 9812.09 
-9812.09 10382.96 -10382.96 0 0 0 0 0 0 0 0 0 0 0 0 0 0 0 0 0 0 0 0 0 
0 0 0 0 0 0 0 0 0 0 0 0 0 0 0 0 0 0 0 0 0 0 0 0 0 0 0 0 0 0 0 0 0 0 0 
0 0 0 0 0 0 0 0 0 0 0 0 0 0 0 0 0 0 0 0 0 0 0 0 0 0 0 0 0 0 0 0 0 0 0 
0 0 0 0 0 0 0 0 0 0 0 0 0 0 0 0 0 0 0 0 0 0 0 0 0 0 0 0 0 0 0 0 0 0 0 
0 0 0 0 0 0 0 0 0 0 0 0 0 0 0 0 0 0 0 0 0 0 0 0 0 0 0 0 0 0 0 0 0 0 0 
0 0 0 0 0 0 0 0 0 0 0 0 0 0 0 0 0 0 0 0 0 0 0 0 0 0 0 0 0 0 0 0 0 0 0 
0 0 0 0 0 0 0 0 0 0 0 0 0 0 0 0 0 0 0 0 
##$LEVSIGN= 3
##$MAXLEV= 20
##$METHOD= 0
##$NEGBASE= -3545.59
##$NEGINCR= 1.8
##$POSBASE= 3545.59
##$POSINCR= 1.8
##END=
