##TITLE= Parameter file, TOPSPIN		Version 2.0
##JCAMPDX= 5.0
##DATATYPE= Parameter Values
##NPOINTS= 10	$$ modification sequence number
##ORIGIN= Bruker BioSpin GmbH
##OWNER= tf
$$ 2008-06-30 11:14:46.105 +0100  ccukier@spec602
$$ /nmrdata/data/ccukier/nmr/RRM12LL_FBPNbox_new/3/pdata/1/clevels
$$ process /opt/topspin/prog/mod/proc2d
##$LEVELS= (0..255)
7465.88 -7465.88 8066.34 -8066.34 8715.09 -8715.09 9416.02 -9416.02 10173.33 
-10173.33 10991.54 -10991.54 11875.56 -11875.56 12830.68 -12830.68 13862.62 
-13862.62 14977.55 -14977.55 16182.15 -16182.15 17483.64 -17483.64 18889.8 
-18889.8 20409.05 -20409.05 22050.5 -22050.5 23823.96 -23823.96 25740.05 
-25740.05 27810.26 -27810.26 30046.96 -30046.96 32463.55 -32463.55 0 0 
0 0 0 0 0 0 0 0 0 0 0 0 0 0 0 0 0 0 0 0 0 0 0 0 0 0 0 0 0 0 0 0 0 0 0 
0 0 0 0 0 0 0 0 0 0 0 0 0 0 0 0 0 0 0 0 0 0 0 0 0 0 0 0 0 0 0 0 0 0 0 
0 0 0 0 0 0 0 0 0 0 0 0 0 0 0 0 0 0 0 0 0 0 0 0 0 0 0 0 0 0 0 0 0 0 0 
0 0 0 0 0 0 0 0 0 0 0 0 0 0 0 0 0 0 0 0 0 0 0 0 0 0 0 0 0 0 0 0 0 0 0 
0 0 0 0 0 0 0 0 0 0 0 0 0 0 0 0 0 0 0 0 0 0 0 0 0 0 0 0 0 0 0 0 0 0 0 
0 0 0 0 0 0 0 0 0 0 0 0 0 0 0 0 0 0 0 0 0 0 0 0 0 0 0 0 0 0 0 0 0 0 0 
0 0 0 0 
##$LEVSIGN= 3
##$MAXLEV= 20
##$METHOD= 0
##$NEGBASE= -7465.88
##$NEGINCR= 1.8
##$POSBASE= 7465.88
##$POSINCR= 1.8
##END=
