##TITLE= square 100%
##JCAMP-DX= 5.00 Bruker JCAMP library
##DATA TYPE= Shape Data
##ORIGIN= Bruker BioSpin GmbH
##OWNER= <demo>
##DATE= 2005/09/22
##TIME= 17:57:17
##$SHAPE_PARAMETERS= Type: Rectangle ; Amplitude 100.0
##MINX= 1.000000E02
##MAXX= 1.000000E02
##MINY= 0.000000E00
##MAXY= 0.000000E00
##$SHAPE_EXMODE= Excitation
##$SHAPE_TOTROT= 9.000000E01
##$SHAPE_TYPE= Excitation
##$SHAPE_USER_DEF= 
##$SHAPE_REPHFAC= 
##$SHAPE_BWFAC= 1.116000E00
##$SHAPE_BWFAC50= 
##$SHAPE_INTEGFAC= 1.000000E00
##$SHAPE_MODE= 0
##NPOINTS= 1000
##XYPOINTS= (XY..XY)
1.000000E02, 0.000000E00
1.000000E02, 0.000000E00
1.000000E02, 0.000000E00
1.000000E02, 0.000000E00
1.000000E02, 0.000000E00
1.000000E02, 0.000000E00
1.000000E02, 0.000000E00
1.000000E02, 0.000000E00
1.000000E02, 0.000000E00
1.000000E02, 0.000000E00
1.000000E02, 0.000000E00
1.000000E02, 0.000000E00
1.000000E02, 0.000000E00
1.000000E02, 0.000000E00
1.000000E02, 0.000000E00
1.000000E02, 0.000000E00
1.000000E02, 0.000000E00
1.000000E02, 0.000000E00
1.000000E02, 0.000000E00
1.000000E02, 0.000000E00
1.000000E02, 0.000000E00
1.000000E02, 0.000000E00
1.000000E02, 0.000000E00
1.000000E02, 0.000000E00
1.000000E02, 0.000000E00
1.000000E02, 0.000000E00
1.000000E02, 0.000000E00
1.000000E02, 0.000000E00
1.000000E02, 0.000000E00
1.000000E02, 0.000000E00
1.000000E02, 0.000000E00
1.000000E02, 0.000000E00
1.000000E02, 0.000000E00
1.000000E02, 0.000000E00
1.000000E02, 0.000000E00
1.000000E02, 0.000000E00
1.000000E02, 0.000000E00
1.000000E02, 0.000000E00
1.000000E02, 0.000000E00
1.000000E02, 0.000000E00
1.000000E02, 0.000000E00
1.000000E02, 0.000000E00
1.000000E02, 0.000000E00
1.000000E02, 0.000000E00
1.000000E02, 0.000000E00
1.000000E02, 0.000000E00
1.000000E02, 0.000000E00
1.000000E02, 0.000000E00
1.000000E02, 0.000000E00
1.000000E02, 0.000000E00
1.000000E02, 0.000000E00
1.000000E02, 0.000000E00
1.000000E02, 0.000000E00
1.000000E02, 0.000000E00
1.000000E02, 0.000000E00
1.000000E02, 0.000000E00
1.000000E02, 0.000000E00
1.000000E02, 0.000000E00
1.000000E02, 0.000000E00
1.000000E02, 0.000000E00
1.000000E02, 0.000000E00
1.000000E02, 0.000000E00
1.000000E02, 0.000000E00
1.000000E02, 0.000000E00
1.000000E02, 0.000000E00
1.000000E02, 0.000000E00
1.000000E02, 0.000000E00
1.000000E02, 0.000000E00
1.000000E02, 0.000000E00
1.000000E02, 0.000000E00
1.000000E02, 0.000000E00
1.000000E02, 0.000000E00
1.000000E02, 0.000000E00
1.000000E02, 0.000000E00
1.000000E02, 0.000000E00
1.000000E02, 0.000000E00
1.000000E02, 0.000000E00
1.000000E02, 0.000000E00
1.000000E02, 0.000000E00
1.000000E02, 0.000000E00
1.000000E02, 0.000000E00
1.000000E02, 0.000000E00
1.000000E02, 0.000000E00
1.000000E02, 0.000000E00
1.000000E02, 0.000000E00
1.000000E02, 0.000000E00
1.000000E02, 0.000000E00
1.000000E02, 0.000000E00
1.000000E02, 0.000000E00
1.000000E02, 0.000000E00
1.000000E02, 0.000000E00
1.000000E02, 0.000000E00
1.000000E02, 0.000000E00
1.000000E02, 0.000000E00
1.000000E02, 0.000000E00
1.000000E02, 0.000000E00
1.000000E02, 0.000000E00
1.000000E02, 0.000000E00
1.000000E02, 0.000000E00
1.000000E02, 0.000000E00
1.000000E02, 0.000000E00
1.000000E02, 0.000000E00
1.000000E02, 0.000000E00
1.000000E02, 0.000000E00
1.000000E02, 0.000000E00
1.000000E02, 0.000000E00
1.000000E02, 0.000000E00
1.000000E02, 0.000000E00
1.000000E02, 0.000000E00
1.000000E02, 0.000000E00
1.000000E02, 0.000000E00
1.000000E02, 0.000000E00
1.000000E02, 0.000000E00
1.000000E02, 0.000000E00
1.000000E02, 0.000000E00
1.000000E02, 0.000000E00
1.000000E02, 0.000000E00
1.000000E02, 0.000000E00
1.000000E02, 0.000000E00
1.000000E02, 0.000000E00
1.000000E02, 0.000000E00
1.000000E02, 0.000000E00
1.000000E02, 0.000000E00
1.000000E02, 0.000000E00
1.000000E02, 0.000000E00
1.000000E02, 0.000000E00
1.000000E02, 0.000000E00
1.000000E02, 0.000000E00
1.000000E02, 0.000000E00
1.000000E02, 0.000000E00
1.000000E02, 0.000000E00
1.000000E02, 0.000000E00
1.000000E02, 0.000000E00
1.000000E02, 0.000000E00
1.000000E02, 0.000000E00
1.000000E02, 0.000000E00
1.000000E02, 0.000000E00
1.000000E02, 0.000000E00
1.000000E02, 0.000000E00
1.000000E02, 0.000000E00
1.000000E02, 0.000000E00
1.000000E02, 0.000000E00
1.000000E02, 0.000000E00
1.000000E02, 0.000000E00
1.000000E02, 0.000000E00
1.000000E02, 0.000000E00
1.000000E02, 0.000000E00
1.000000E02, 0.000000E00
1.000000E02, 0.000000E00
1.000000E02, 0.000000E00
1.000000E02, 0.000000E00
1.000000E02, 0.000000E00
1.000000E02, 0.000000E00
1.000000E02, 0.000000E00
1.000000E02, 0.000000E00
1.000000E02, 0.000000E00
1.000000E02, 0.000000E00
1.000000E02, 0.000000E00
1.000000E02, 0.000000E00
1.000000E02, 0.000000E00
1.000000E02, 0.000000E00
1.000000E02, 0.000000E00
1.000000E02, 0.000000E00
1.000000E02, 0.000000E00
1.000000E02, 0.000000E00
1.000000E02, 0.000000E00
1.000000E02, 0.000000E00
1.000000E02, 0.000000E00
1.000000E02, 0.000000E00
1.000000E02, 0.000000E00
1.000000E02, 0.000000E00
1.000000E02, 0.000000E00
1.000000E02, 0.000000E00
1.000000E02, 0.000000E00
1.000000E02, 0.000000E00
1.000000E02, 0.000000E00
1.000000E02, 0.000000E00
1.000000E02, 0.000000E00
1.000000E02, 0.000000E00
1.000000E02, 0.000000E00
1.000000E02, 0.000000E00
1.000000E02, 0.000000E00
1.000000E02, 0.000000E00
1.000000E02, 0.000000E00
1.000000E02, 0.000000E00
1.000000E02, 0.000000E00
1.000000E02, 0.000000E00
1.000000E02, 0.000000E00
1.000000E02, 0.000000E00
1.000000E02, 0.000000E00
1.000000E02, 0.000000E00
1.000000E02, 0.000000E00
1.000000E02, 0.000000E00
1.000000E02, 0.000000E00
1.000000E02, 0.000000E00
1.000000E02, 0.000000E00
1.000000E02, 0.000000E00
1.000000E02, 0.000000E00
1.000000E02, 0.000000E00
1.000000E02, 0.000000E00
1.000000E02, 0.000000E00
1.000000E02, 0.000000E00
1.000000E02, 0.000000E00
1.000000E02, 0.000000E00
1.000000E02, 0.000000E00
1.000000E02, 0.000000E00
1.000000E02, 0.000000E00
1.000000E02, 0.000000E00
1.000000E02, 0.000000E00
1.000000E02, 0.000000E00
1.000000E02, 0.000000E00
1.000000E02, 0.000000E00
1.000000E02, 0.000000E00
1.000000E02, 0.000000E00
1.000000E02, 0.000000E00
1.000000E02, 0.000000E00
1.000000E02, 0.000000E00
1.000000E02, 0.000000E00
1.000000E02, 0.000000E00
1.000000E02, 0.000000E00
1.000000E02, 0.000000E00
1.000000E02, 0.000000E00
1.000000E02, 0.000000E00
1.000000E02, 0.000000E00
1.000000E02, 0.000000E00
1.000000E02, 0.000000E00
1.000000E02, 0.000000E00
1.000000E02, 0.000000E00
1.000000E02, 0.000000E00
1.000000E02, 0.000000E00
1.000000E02, 0.000000E00
1.000000E02, 0.000000E00
1.000000E02, 0.000000E00
1.000000E02, 0.000000E00
1.000000E02, 0.000000E00
1.000000E02, 0.000000E00
1.000000E02, 0.000000E00
1.000000E02, 0.000000E00
1.000000E02, 0.000000E00
1.000000E02, 0.000000E00
1.000000E02, 0.000000E00
1.000000E02, 0.000000E00
1.000000E02, 0.000000E00
1.000000E02, 0.000000E00
1.000000E02, 0.000000E00
1.000000E02, 0.000000E00
1.000000E02, 0.000000E00
1.000000E02, 0.000000E00
1.000000E02, 0.000000E00
1.000000E02, 0.000000E00
1.000000E02, 0.000000E00
1.000000E02, 0.000000E00
1.000000E02, 0.000000E00
1.000000E02, 0.000000E00
1.000000E02, 0.000000E00
1.000000E02, 0.000000E00
1.000000E02, 0.000000E00
1.000000E02, 0.000000E00
1.000000E02, 0.000000E00
1.000000E02, 0.000000E00
1.000000E02, 0.000000E00
1.000000E02, 0.000000E00
1.000000E02, 0.000000E00
1.000000E02, 0.000000E00
1.000000E02, 0.000000E00
1.000000E02, 0.000000E00
1.000000E02, 0.000000E00
1.000000E02, 0.000000E00
1.000000E02, 0.000000E00
1.000000E02, 0.000000E00
1.000000E02, 0.000000E00
1.000000E02, 0.000000E00
1.000000E02, 0.000000E00
1.000000E02, 0.000000E00
1.000000E02, 0.000000E00
1.000000E02, 0.000000E00
1.000000E02, 0.000000E00
1.000000E02, 0.000000E00
1.000000E02, 0.000000E00
1.000000E02, 0.000000E00
1.000000E02, 0.000000E00
1.000000E02, 0.000000E00
1.000000E02, 0.000000E00
1.000000E02, 0.000000E00
1.000000E02, 0.000000E00
1.000000E02, 0.000000E00
1.000000E02, 0.000000E00
1.000000E02, 0.000000E00
1.000000E02, 0.000000E00
1.000000E02, 0.000000E00
1.000000E02, 0.000000E00
1.000000E02, 0.000000E00
1.000000E02, 0.000000E00
1.000000E02, 0.000000E00
1.000000E02, 0.000000E00
1.000000E02, 0.000000E00
1.000000E02, 0.000000E00
1.000000E02, 0.000000E00
1.000000E02, 0.000000E00
1.000000E02, 0.000000E00
1.000000E02, 0.000000E00
1.000000E02, 0.000000E00
1.000000E02, 0.000000E00
1.000000E02, 0.000000E00
1.000000E02, 0.000000E00
1.000000E02, 0.000000E00
1.000000E02, 0.000000E00
1.000000E02, 0.000000E00
1.000000E02, 0.000000E00
1.000000E02, 0.000000E00
1.000000E02, 0.000000E00
1.000000E02, 0.000000E00
1.000000E02, 0.000000E00
1.000000E02, 0.000000E00
1.000000E02, 0.000000E00
1.000000E02, 0.000000E00
1.000000E02, 0.000000E00
1.000000E02, 0.000000E00
1.000000E02, 0.000000E00
1.000000E02, 0.000000E00
1.000000E02, 0.000000E00
1.000000E02, 0.000000E00
1.000000E02, 0.000000E00
1.000000E02, 0.000000E00
1.000000E02, 0.000000E00
1.000000E02, 0.000000E00
1.000000E02, 0.000000E00
1.000000E02, 0.000000E00
1.000000E02, 0.000000E00
1.000000E02, 0.000000E00
1.000000E02, 0.000000E00
1.000000E02, 0.000000E00
1.000000E02, 0.000000E00
1.000000E02, 0.000000E00
1.000000E02, 0.000000E00
1.000000E02, 0.000000E00
1.000000E02, 0.000000E00
1.000000E02, 0.000000E00
1.000000E02, 0.000000E00
1.000000E02, 0.000000E00
1.000000E02, 0.000000E00
1.000000E02, 0.000000E00
1.000000E02, 0.000000E00
1.000000E02, 0.000000E00
1.000000E02, 0.000000E00
1.000000E02, 0.000000E00
1.000000E02, 0.000000E00
1.000000E02, 0.000000E00
1.000000E02, 0.000000E00
1.000000E02, 0.000000E00
1.000000E02, 0.000000E00
1.000000E02, 0.000000E00
1.000000E02, 0.000000E00
1.000000E02, 0.000000E00
1.000000E02, 0.000000E00
1.000000E02, 0.000000E00
1.000000E02, 0.000000E00
1.000000E02, 0.000000E00
1.000000E02, 0.000000E00
1.000000E02, 0.000000E00
1.000000E02, 0.000000E00
1.000000E02, 0.000000E00
1.000000E02, 0.000000E00
1.000000E02, 0.000000E00
1.000000E02, 0.000000E00
1.000000E02, 0.000000E00
1.000000E02, 0.000000E00
1.000000E02, 0.000000E00
1.000000E02, 0.000000E00
1.000000E02, 0.000000E00
1.000000E02, 0.000000E00
1.000000E02, 0.000000E00
1.000000E02, 0.000000E00
1.000000E02, 0.000000E00
1.000000E02, 0.000000E00
1.000000E02, 0.000000E00
1.000000E02, 0.000000E00
1.000000E02, 0.000000E00
1.000000E02, 0.000000E00
1.000000E02, 0.000000E00
1.000000E02, 0.000000E00
1.000000E02, 0.000000E00
1.000000E02, 0.000000E00
1.000000E02, 0.000000E00
1.000000E02, 0.000000E00
1.000000E02, 0.000000E00
1.000000E02, 0.000000E00
1.000000E02, 0.000000E00
1.000000E02, 0.000000E00
1.000000E02, 0.000000E00
1.000000E02, 0.000000E00
1.000000E02, 0.000000E00
1.000000E02, 0.000000E00
1.000000E02, 0.000000E00
1.000000E02, 0.000000E00
1.000000E02, 0.000000E00
1.000000E02, 0.000000E00
1.000000E02, 0.000000E00
1.000000E02, 0.000000E00
1.000000E02, 0.000000E00
1.000000E02, 0.000000E00
1.000000E02, 0.000000E00
1.000000E02, 0.000000E00
1.000000E02, 0.000000E00
1.000000E02, 0.000000E00
1.000000E02, 0.000000E00
1.000000E02, 0.000000E00
1.000000E02, 0.000000E00
1.000000E02, 0.000000E00
1.000000E02, 0.000000E00
1.000000E02, 0.000000E00
1.000000E02, 0.000000E00
1.000000E02, 0.000000E00
1.000000E02, 0.000000E00
1.000000E02, 0.000000E00
1.000000E02, 0.000000E00
1.000000E02, 0.000000E00
1.000000E02, 0.000000E00
1.000000E02, 0.000000E00
1.000000E02, 0.000000E00
1.000000E02, 0.000000E00
1.000000E02, 0.000000E00
1.000000E02, 0.000000E00
1.000000E02, 0.000000E00
1.000000E02, 0.000000E00
1.000000E02, 0.000000E00
1.000000E02, 0.000000E00
1.000000E02, 0.000000E00
1.000000E02, 0.000000E00
1.000000E02, 0.000000E00
1.000000E02, 0.000000E00
1.000000E02, 0.000000E00
1.000000E02, 0.000000E00
1.000000E02, 0.000000E00
1.000000E02, 0.000000E00
1.000000E02, 0.000000E00
1.000000E02, 0.000000E00
1.000000E02, 0.000000E00
1.000000E02, 0.000000E00
1.000000E02, 0.000000E00
1.000000E02, 0.000000E00
1.000000E02, 0.000000E00
1.000000E02, 0.000000E00
1.000000E02, 0.000000E00
1.000000E02, 0.000000E00
1.000000E02, 0.000000E00
1.000000E02, 0.000000E00
1.000000E02, 0.000000E00
1.000000E02, 0.000000E00
1.000000E02, 0.000000E00
1.000000E02, 0.000000E00
1.000000E02, 0.000000E00
1.000000E02, 0.000000E00
1.000000E02, 0.000000E00
1.000000E02, 0.000000E00
1.000000E02, 0.000000E00
1.000000E02, 0.000000E00
1.000000E02, 0.000000E00
1.000000E02, 0.000000E00
1.000000E02, 0.000000E00
1.000000E02, 0.000000E00
1.000000E02, 0.000000E00
1.000000E02, 0.000000E00
1.000000E02, 0.000000E00
1.000000E02, 0.000000E00
1.000000E02, 0.000000E00
1.000000E02, 0.000000E00
1.000000E02, 0.000000E00
1.000000E02, 0.000000E00
1.000000E02, 0.000000E00
1.000000E02, 0.000000E00
1.000000E02, 0.000000E00
1.000000E02, 0.000000E00
1.000000E02, 0.000000E00
1.000000E02, 0.000000E00
1.000000E02, 0.000000E00
1.000000E02, 0.000000E00
1.000000E02, 0.000000E00
1.000000E02, 0.000000E00
1.000000E02, 0.000000E00
1.000000E02, 0.000000E00
1.000000E02, 0.000000E00
1.000000E02, 0.000000E00
1.000000E02, 0.000000E00
1.000000E02, 0.000000E00
1.000000E02, 0.000000E00
1.000000E02, 0.000000E00
1.000000E02, 0.000000E00
1.000000E02, 0.000000E00
1.000000E02, 0.000000E00
1.000000E02, 0.000000E00
1.000000E02, 0.000000E00
1.000000E02, 0.000000E00
1.000000E02, 0.000000E00
1.000000E02, 0.000000E00
1.000000E02, 0.000000E00
1.000000E02, 0.000000E00
1.000000E02, 0.000000E00
1.000000E02, 0.000000E00
1.000000E02, 0.000000E00
1.000000E02, 0.000000E00
1.000000E02, 0.000000E00
1.000000E02, 0.000000E00
1.000000E02, 0.000000E00
1.000000E02, 0.000000E00
1.000000E02, 0.000000E00
1.000000E02, 0.000000E00
1.000000E02, 0.000000E00
1.000000E02, 0.000000E00
1.000000E02, 0.000000E00
1.000000E02, 0.000000E00
1.000000E02, 0.000000E00
1.000000E02, 0.000000E00
1.000000E02, 0.000000E00
1.000000E02, 0.000000E00
1.000000E02, 0.000000E00
1.000000E02, 0.000000E00
1.000000E02, 0.000000E00
1.000000E02, 0.000000E00
1.000000E02, 0.000000E00
1.000000E02, 0.000000E00
1.000000E02, 0.000000E00
1.000000E02, 0.000000E00
1.000000E02, 0.000000E00
1.000000E02, 0.000000E00
1.000000E02, 0.000000E00
1.000000E02, 0.000000E00
1.000000E02, 0.000000E00
1.000000E02, 0.000000E00
1.000000E02, 0.000000E00
1.000000E02, 0.000000E00
1.000000E02, 0.000000E00
1.000000E02, 0.000000E00
1.000000E02, 0.000000E00
1.000000E02, 0.000000E00
1.000000E02, 0.000000E00
1.000000E02, 0.000000E00
1.000000E02, 0.000000E00
1.000000E02, 0.000000E00
1.000000E02, 0.000000E00
1.000000E02, 0.000000E00
1.000000E02, 0.000000E00
1.000000E02, 0.000000E00
1.000000E02, 0.000000E00
1.000000E02, 0.000000E00
1.000000E02, 0.000000E00
1.000000E02, 0.000000E00
1.000000E02, 0.000000E00
1.000000E02, 0.000000E00
1.000000E02, 0.000000E00
1.000000E02, 0.000000E00
1.000000E02, 0.000000E00
1.000000E02, 0.000000E00
1.000000E02, 0.000000E00
1.000000E02, 0.000000E00
1.000000E02, 0.000000E00
1.000000E02, 0.000000E00
1.000000E02, 0.000000E00
1.000000E02, 0.000000E00
1.000000E02, 0.000000E00
1.000000E02, 0.000000E00
1.000000E02, 0.000000E00
1.000000E02, 0.000000E00
1.000000E02, 0.000000E00
1.000000E02, 0.000000E00
1.000000E02, 0.000000E00
1.000000E02, 0.000000E00
1.000000E02, 0.000000E00
1.000000E02, 0.000000E00
1.000000E02, 0.000000E00
1.000000E02, 0.000000E00
1.000000E02, 0.000000E00
1.000000E02, 0.000000E00
1.000000E02, 0.000000E00
1.000000E02, 0.000000E00
1.000000E02, 0.000000E00
1.000000E02, 0.000000E00
1.000000E02, 0.000000E00
1.000000E02, 0.000000E00
1.000000E02, 0.000000E00
1.000000E02, 0.000000E00
1.000000E02, 0.000000E00
1.000000E02, 0.000000E00
1.000000E02, 0.000000E00
1.000000E02, 0.000000E00
1.000000E02, 0.000000E00
1.000000E02, 0.000000E00
1.000000E02, 0.000000E00
1.000000E02, 0.000000E00
1.000000E02, 0.000000E00
1.000000E02, 0.000000E00
1.000000E02, 0.000000E00
1.000000E02, 0.000000E00
1.000000E02, 0.000000E00
1.000000E02, 0.000000E00
1.000000E02, 0.000000E00
1.000000E02, 0.000000E00
1.000000E02, 0.000000E00
1.000000E02, 0.000000E00
1.000000E02, 0.000000E00
1.000000E02, 0.000000E00
1.000000E02, 0.000000E00
1.000000E02, 0.000000E00
1.000000E02, 0.000000E00
1.000000E02, 0.000000E00
1.000000E02, 0.000000E00
1.000000E02, 0.000000E00
1.000000E02, 0.000000E00
1.000000E02, 0.000000E00
1.000000E02, 0.000000E00
1.000000E02, 0.000000E00
1.000000E02, 0.000000E00
1.000000E02, 0.000000E00
1.000000E02, 0.000000E00
1.000000E02, 0.000000E00
1.000000E02, 0.000000E00
1.000000E02, 0.000000E00
1.000000E02, 0.000000E00
1.000000E02, 0.000000E00
1.000000E02, 0.000000E00
1.000000E02, 0.000000E00
1.000000E02, 0.000000E00
1.000000E02, 0.000000E00
1.000000E02, 0.000000E00
1.000000E02, 0.000000E00
1.000000E02, 0.000000E00
1.000000E02, 0.000000E00
1.000000E02, 0.000000E00
1.000000E02, 0.000000E00
1.000000E02, 0.000000E00
1.000000E02, 0.000000E00
1.000000E02, 0.000000E00
1.000000E02, 0.000000E00
1.000000E02, 0.000000E00
1.000000E02, 0.000000E00
1.000000E02, 0.000000E00
1.000000E02, 0.000000E00
1.000000E02, 0.000000E00
1.000000E02, 0.000000E00
1.000000E02, 0.000000E00
1.000000E02, 0.000000E00
1.000000E02, 0.000000E00
1.000000E02, 0.000000E00
1.000000E02, 0.000000E00
1.000000E02, 0.000000E00
1.000000E02, 0.000000E00
1.000000E02, 0.000000E00
1.000000E02, 0.000000E00
1.000000E02, 0.000000E00
1.000000E02, 0.000000E00
1.000000E02, 0.000000E00
1.000000E02, 0.000000E00
1.000000E02, 0.000000E00
1.000000E02, 0.000000E00
1.000000E02, 0.000000E00
1.000000E02, 0.000000E00
1.000000E02, 0.000000E00
1.000000E02, 0.000000E00
1.000000E02, 0.000000E00
1.000000E02, 0.000000E00
1.000000E02, 0.000000E00
1.000000E02, 0.000000E00
1.000000E02, 0.000000E00
1.000000E02, 0.000000E00
1.000000E02, 0.000000E00
1.000000E02, 0.000000E00
1.000000E02, 0.000000E00
1.000000E02, 0.000000E00
1.000000E02, 0.000000E00
1.000000E02, 0.000000E00
1.000000E02, 0.000000E00
1.000000E02, 0.000000E00
1.000000E02, 0.000000E00
1.000000E02, 0.000000E00
1.000000E02, 0.000000E00
1.000000E02, 0.000000E00
1.000000E02, 0.000000E00
1.000000E02, 0.000000E00
1.000000E02, 0.000000E00
1.000000E02, 0.000000E00
1.000000E02, 0.000000E00
1.000000E02, 0.000000E00
1.000000E02, 0.000000E00
1.000000E02, 0.000000E00
1.000000E02, 0.000000E00
1.000000E02, 0.000000E00
1.000000E02, 0.000000E00
1.000000E02, 0.000000E00
1.000000E02, 0.000000E00
1.000000E02, 0.000000E00
1.000000E02, 0.000000E00
1.000000E02, 0.000000E00
1.000000E02, 0.000000E00
1.000000E02, 0.000000E00
1.000000E02, 0.000000E00
1.000000E02, 0.000000E00
1.000000E02, 0.000000E00
1.000000E02, 0.000000E00
1.000000E02, 0.000000E00
1.000000E02, 0.000000E00
1.000000E02, 0.000000E00
1.000000E02, 0.000000E00
1.000000E02, 0.000000E00
1.000000E02, 0.000000E00
1.000000E02, 0.000000E00
1.000000E02, 0.000000E00
1.000000E02, 0.000000E00
1.000000E02, 0.000000E00
1.000000E02, 0.000000E00
1.000000E02, 0.000000E00
1.000000E02, 0.000000E00
1.000000E02, 0.000000E00
1.000000E02, 0.000000E00
1.000000E02, 0.000000E00
1.000000E02, 0.000000E00
1.000000E02, 0.000000E00
1.000000E02, 0.000000E00
1.000000E02, 0.000000E00
1.000000E02, 0.000000E00
1.000000E02, 0.000000E00
1.000000E02, 0.000000E00
1.000000E02, 0.000000E00
1.000000E02, 0.000000E00
1.000000E02, 0.000000E00
1.000000E02, 0.000000E00
1.000000E02, 0.000000E00
1.000000E02, 0.000000E00
1.000000E02, 0.000000E00
1.000000E02, 0.000000E00
1.000000E02, 0.000000E00
1.000000E02, 0.000000E00
1.000000E02, 0.000000E00
1.000000E02, 0.000000E00
1.000000E02, 0.000000E00
1.000000E02, 0.000000E00
1.000000E02, 0.000000E00
1.000000E02, 0.000000E00
1.000000E02, 0.000000E00
1.000000E02, 0.000000E00
1.000000E02, 0.000000E00
1.000000E02, 0.000000E00
1.000000E02, 0.000000E00
1.000000E02, 0.000000E00
1.000000E02, 0.000000E00
1.000000E02, 0.000000E00
1.000000E02, 0.000000E00
1.000000E02, 0.000000E00
1.000000E02, 0.000000E00
1.000000E02, 0.000000E00
1.000000E02, 0.000000E00
1.000000E02, 0.000000E00
1.000000E02, 0.000000E00
1.000000E02, 0.000000E00
1.000000E02, 0.000000E00
1.000000E02, 0.000000E00
1.000000E02, 0.000000E00
1.000000E02, 0.000000E00
1.000000E02, 0.000000E00
1.000000E02, 0.000000E00
1.000000E02, 0.000000E00
1.000000E02, 0.000000E00
1.000000E02, 0.000000E00
1.000000E02, 0.000000E00
1.000000E02, 0.000000E00
1.000000E02, 0.000000E00
1.000000E02, 0.000000E00
1.000000E02, 0.000000E00
1.000000E02, 0.000000E00
1.000000E02, 0.000000E00
1.000000E02, 0.000000E00
1.000000E02, 0.000000E00
1.000000E02, 0.000000E00
1.000000E02, 0.000000E00
1.000000E02, 0.000000E00
1.000000E02, 0.000000E00
1.000000E02, 0.000000E00
1.000000E02, 0.000000E00
1.000000E02, 0.000000E00
1.000000E02, 0.000000E00
1.000000E02, 0.000000E00
1.000000E02, 0.000000E00
1.000000E02, 0.000000E00
1.000000E02, 0.000000E00
1.000000E02, 0.000000E00
1.000000E02, 0.000000E00
1.000000E02, 0.000000E00
1.000000E02, 0.000000E00
1.000000E02, 0.000000E00
1.000000E02, 0.000000E00
1.000000E02, 0.000000E00
1.000000E02, 0.000000E00
1.000000E02, 0.000000E00
1.000000E02, 0.000000E00
1.000000E02, 0.000000E00
1.000000E02, 0.000000E00
1.000000E02, 0.000000E00
1.000000E02, 0.000000E00
1.000000E02, 0.000000E00
1.000000E02, 0.000000E00
1.000000E02, 0.000000E00
1.000000E02, 0.000000E00
1.000000E02, 0.000000E00
1.000000E02, 0.000000E00
1.000000E02, 0.000000E00
1.000000E02, 0.000000E00
1.000000E02, 0.000000E00
1.000000E02, 0.000000E00
1.000000E02, 0.000000E00
1.000000E02, 0.000000E00
1.000000E02, 0.000000E00
1.000000E02, 0.000000E00
1.000000E02, 0.000000E00
1.000000E02, 0.000000E00
1.000000E02, 0.000000E00
1.000000E02, 0.000000E00
1.000000E02, 0.000000E00
1.000000E02, 0.000000E00
1.000000E02, 0.000000E00
1.000000E02, 0.000000E00
1.000000E02, 0.000000E00
1.000000E02, 0.000000E00
1.000000E02, 0.000000E00
1.000000E02, 0.000000E00
1.000000E02, 0.000000E00
1.000000E02, 0.000000E00
1.000000E02, 0.000000E00
1.000000E02, 0.000000E00
1.000000E02, 0.000000E00
1.000000E02, 0.000000E00
1.000000E02, 0.000000E00
1.000000E02, 0.000000E00
1.000000E02, 0.000000E00
1.000000E02, 0.000000E00
1.000000E02, 0.000000E00
1.000000E02, 0.000000E00
1.000000E02, 0.000000E00
1.000000E02, 0.000000E00
1.000000E02, 0.000000E00
1.000000E02, 0.000000E00
1.000000E02, 0.000000E00
1.000000E02, 0.000000E00
1.000000E02, 0.000000E00
1.000000E02, 0.000000E00
1.000000E02, 0.000000E00
1.000000E02, 0.000000E00
1.000000E02, 0.000000E00
1.000000E02, 0.000000E00
1.000000E02, 0.000000E00
1.000000E02, 0.000000E00
1.000000E02, 0.000000E00
1.000000E02, 0.000000E00
1.000000E02, 0.000000E00
1.000000E02, 0.000000E00
1.000000E02, 0.000000E00
1.000000E02, 0.000000E00
1.000000E02, 0.000000E00
1.000000E02, 0.000000E00
1.000000E02, 0.000000E00
1.000000E02, 0.000000E00
1.000000E02, 0.000000E00
1.000000E02, 0.000000E00
1.000000E02, 0.000000E00
1.000000E02, 0.000000E00
1.000000E02, 0.000000E00
1.000000E02, 0.000000E00
1.000000E02, 0.000000E00
1.000000E02, 0.000000E00
1.000000E02, 0.000000E00
1.000000E02, 0.000000E00
1.000000E02, 0.000000E00
1.000000E02, 0.000000E00
1.000000E02, 0.000000E00
1.000000E02, 0.000000E00
1.000000E02, 0.000000E00
1.000000E02, 0.000000E00
1.000000E02, 0.000000E00
1.000000E02, 0.000000E00
1.000000E02, 0.000000E00
1.000000E02, 0.000000E00
1.000000E02, 0.000000E00
1.000000E02, 0.000000E00
1.000000E02, 0.000000E00
1.000000E02, 0.000000E00
1.000000E02, 0.000000E00
1.000000E02, 0.000000E00
1.000000E02, 0.000000E00
1.000000E02, 0.000000E00
1.000000E02, 0.000000E00
1.000000E02, 0.000000E00
1.000000E02, 0.000000E00
1.000000E02, 0.000000E00
1.000000E02, 0.000000E00
1.000000E02, 0.000000E00
1.000000E02, 0.000000E00
1.000000E02, 0.000000E00
1.000000E02, 0.000000E00
1.000000E02, 0.000000E00
1.000000E02, 0.000000E00
1.000000E02, 0.000000E00
1.000000E02, 0.000000E00
1.000000E02, 0.000000E00
1.000000E02, 0.000000E00
1.000000E02, 0.000000E00
1.000000E02, 0.000000E00
1.000000E02, 0.000000E00
1.000000E02, 0.000000E00
1.000000E02, 0.000000E00
1.000000E02, 0.000000E00
1.000000E02, 0.000000E00
1.000000E02, 0.000000E00
1.000000E02, 0.000000E00
1.000000E02, 0.000000E00
1.000000E02, 0.000000E00
1.000000E02, 0.000000E00
1.000000E02, 0.000000E00
1.000000E02, 0.000000E00
1.000000E02, 0.000000E00
1.000000E02, 0.000000E00
1.000000E02, 0.000000E00
1.000000E02, 0.000000E00
1.000000E02, 0.000000E00
1.000000E02, 0.000000E00
1.000000E02, 0.000000E00
1.000000E02, 0.000000E00
1.000000E02, 0.000000E00
1.000000E02, 0.000000E00
1.000000E02, 0.000000E00
1.000000E02, 0.000000E00
1.000000E02, 0.000000E00
1.000000E02, 0.000000E00
1.000000E02, 0.000000E00
1.000000E02, 0.000000E00
1.000000E02, 0.000000E00
1.000000E02, 0.000000E00
1.000000E02, 0.000000E00
1.000000E02, 0.000000E00
1.000000E02, 0.000000E00
1.000000E02, 0.000000E00
1.000000E02, 0.000000E00
1.000000E02, 0.000000E00
1.000000E02, 0.000000E00
1.000000E02, 0.000000E00
1.000000E02, 0.000000E00
1.000000E02, 0.000000E00
1.000000E02, 0.000000E00
1.000000E02, 0.000000E00
1.000000E02, 0.000000E00
1.000000E02, 0.000000E00
1.000000E02, 0.000000E00
1.000000E02, 0.000000E00
1.000000E02, 0.000000E00
1.000000E02, 0.000000E00
1.000000E02, 0.000000E00
1.000000E02, 0.000000E00
1.000000E02, 0.000000E00
1.000000E02, 0.000000E00
1.000000E02, 0.000000E00
1.000000E02, 0.000000E00
1.000000E02, 0.000000E00
1.000000E02, 0.000000E00
1.000000E02, 0.000000E00
1.000000E02, 0.000000E00
1.000000E02, 0.000000E00
1.000000E02, 0.000000E00
1.000000E02, 0.000000E00
1.000000E02, 0.000000E00
1.000000E02, 0.000000E00
1.000000E02, 0.000000E00
1.000000E02, 0.000000E00
1.000000E02, 0.000000E00
1.000000E02, 0.000000E00
1.000000E02, 0.000000E00
1.000000E02, 0.000000E00
1.000000E02, 0.000000E00
1.000000E02, 0.000000E00
1.000000E02, 0.000000E00
1.000000E02, 0.000000E00
1.000000E02, 0.000000E00
1.000000E02, 0.000000E00
1.000000E02, 0.000000E00
1.000000E02, 0.000000E00
1.000000E02, 0.000000E00
1.000000E02, 0.000000E00
1.000000E02, 0.000000E00
1.000000E02, 0.000000E00
1.000000E02, 0.000000E00
1.000000E02, 0.000000E00
1.000000E02, 0.000000E00
1.000000E02, 0.000000E00
1.000000E02, 0.000000E00
1.000000E02, 0.000000E00
1.000000E02, 0.000000E00
1.000000E02, 0.000000E00
1.000000E02, 0.000000E00
1.000000E02, 0.000000E00
1.000000E02, 0.000000E00
1.000000E02, 0.000000E00
1.000000E02, 0.000000E00
1.000000E02, 0.000000E00
1.000000E02, 0.000000E00
##END
