##TITLE= Parameter file, TOPSPIN		Version 2.0
##JCAMPDX= 5.0
##DATATYPE= Parameter Values
##NPOINTS= 13	$$ modification sequence number
##ORIGIN= Bruker BioSpin GmbH
##OWNER= guest
$$ 2008-06-26 11:12:15.485 +0100  alain@spec602
$$ /opt/topspin/conf/instr/spect/uxnmr.par
$$ process /opt/topspin/prog/mod/go
##$ACB= 1
##$ACBTAT= (0..15)
0 88 72 0 0 0 88 88 0 0 0 0 0 0 0 0
##$ACBTBA= (0..15)
0 40 30 0 0 0 180 210 0 0 0 0 0 0 0 0
##$ACBTBLK= (0..15)
0 0 0 0 0 0 0 0 0 0 0 0 0 0 0 0
##$ACBTCTL= (0..15)
0 1 1 0 0 0 1 1 0 0 0 0 0 0 0 0
##$ACBTDI= (0..15)
0 70 70 0 0 0 75 76 0 0 0 0 0 0 0 0
##$ACBTDM= (0..15)
0 10 25 0 0 0 10 10 0 0 0 0 0 0 0 0
##$ACBTFHI= (0..15)
0 243 600 0 0 0 365 365 0 0 0 0 0 0 0 0
##$ACBTFL= (0..15)
0 249 250 0 0 0 249 249 0 0 0 0 0 0 0 0
##$ACBTFLO= (0..15)
0 6 180 0 0 0 6 6 0 0 0 0 0 0 0 0
##$ACBTINP= (0..15)
0 0 0 0 0 0 0 0 0 0 0 0 0 0 0 0
##$ACBTOUT= (0..15)
0 2 1 0 0 0 1 1 0 0 0 0 0 0 0 0
##$ACBTPO= (0..15)
0 300000 100000 0 0 0 300000 300000 0 0 0 0 0 0 0 0
##$ACBTPW= (0..15)
0 1000 1000 0 0 0 1000 1000 0 0 0 0 0 0 0 0
##$ACBTSB= (0..15)
0 0 0 0 0 0 0 0 0 0 0 0 0 0 0 0
##$ACBTY= <tty20>
##$AQSBDCH= (0..95)
0 0 0 0 0 0 0 0 0 255 255 255 255 255 255 255 255 255 255 255 255 255 
255 255 255 255 255 255 255 255 255 255 255 255 255 255 255 255 255 255 
255 255 255 255 255 255 255 255 255 255 255 255 255 255 255 255 255 255 
255 255 255 255 255 255 255 255 255 255 255 255 255 255 255 255 255 255 
255 255 255 255 255 255 255 255 255 255 255 255 255 255 255 255 255 255 
255 255
##$AQSBDHW= (0..95)
1 4 4 4 4 0 0 0 0 255 255 255 255 255 255 255 255 255 255 255 255 255 
255 255 255 255 255 255 255 255 255 255 255 255 255 255 255 255 255 255 
255 255 255 255 255 255 255 255 255 255 255 255 255 255 255 255 255 255 
255 255 255 255 255 255 255 255 255 255 255 255 255 255 255 255 255 255 
255 255 255 255 255 255 255 255 255 255 255 255 255 255 255 255 255 255 
255 255
##$AQSBDID= (0..95)
88 83 83 83 83 89 89 80 66 255 255 255 255 255 255 255 255 255 255 255 
255 255 255 255 255 255 255 255 255 255 255 255 255 255 255 255 255 255 
255 255 255 255 255 255 255 255 255 255 255 255 255 255 255 255 255 255 
255 255 255 255 255 255 255 255 255 255 255 255 255 255 255 255 255 255 
255 255 255 255 255 255 255 255 255 255 255 255 255 255 255 255 255 255 
255 255 255 255
##$AQSBDNO= (0..95)
1 1 2 3 4 1 2 1 1 255 255 255 255 255 255 255 255 255 255 255 255 255 
255 255 255 255 255 255 255 255 255 255 255 255 255 255 255 255 255 255 
255 255 255 255 255 255 255 255 255 255 255 255 255 255 255 255 255 255 
255 255 255 255 255 255 255 255 255 255 255 255 255 255 255 255 255 255 
255 255 255 255 255 255 255 255 255 255 255 255 255 255 255 255 255 255 
255 255
##$AQSBDSL= (0..95)
2 3 4 5 6 7 8 17 19 255 255 255 255 255 255 255 255 255 255 255 255 255 
255 255 255 255 255 255 255 255 255 255 255 255 255 255 255 255 255 255 
255 255 255 255 255 255 255 255 255 255 255 255 255 255 255 255 255 255 
255 255 255 255 255 255 255 255 255 255 255 255 255 255 255 255 255 255 
255 255 255 255 255 255 255 255 255 255 255 255 255 255 255 255 255 255 
255 255
##$AQSBDTY= (0..95)
194 24 24 24 24 4 4 10 7 255 255 255 255 255 255 255 255 255 255 255 255 
255 255 255 255 255 255 255 255 255 255 255 255 255 255 255 255 255 255 
255 255 255 255 255 255 255 255 255 255 255 255 255 255 255 255 255 255 
255 255 255 255 255 255 255 255 255 255 255 255 255 255 255 255 255 255 
255 255 255 255 255 255 255 255 255 255 255 255 255 255 255 255 255 255 
255 255 255
##$AQSBUAD= (0..95)
52 36 37 38 39 60 61 33 32 255 255 255 255 255 255 255 255 255 255 255 
255 255 255 255 255 255 255 255 255 255 255 255 255 255 255 255 255 255 
255 255 255 255 255 255 255 255 255 255 255 255 255 255 255 255 255 255 
255 255 255 255 255 255 255 255 255 255 255 255 255 255 255 255 255 255 
255 255 255 255 255 255 255 255 255 255 255 255 255 255 255 255 255 255 
255 255 255 255
##$AQSECL= (0..95)
0 2 2 2 2 1 1 1 255 255 255 255 255 255 255 255 255 255 255 255 255 255 
255 255 255 255 255 255 255 255 255 255 255 255 255 255 255 255 255 255 
255 255 255 255 255 255 255 255 255 255 255 255 255 255 255 255 255 255 
255 255 255 255 255 255 255 255 255 255 255 255 255 255 255 255 255 255 
255 255 255 255 255 255 255 255 255 255 255 255 255 255 255 255 255 255 
255 255
##$AQSECLS= (0..95)
3 0 0 0 0 0 0 0 255 255 255 255 255 255 255 255 255 255 255 255 255 255 
255 255 255 255 255 255 255 255 255 255 255 255 255 255 255 255 255 255 
255 255 255 255 255 255 255 255 255 255 255 255 255 255 255 255 255 255 
255 255 255 255 255 255 255 255 255 255 255 255 255 255 255 255 255 255 
255 255 255 255 255 255 255 255 255 255 255 255 255 255 255 255 255 255 
255 255
##$ATT19F= (0..1)
0 0
##$ATT1H= (0..1)
0 0
##$ATT3H= (0..1)
0 0
##$ATTX= (0..1)
0 0
##$ATTY= (0..1)
0 0
##$ATTZ= (0..1)
0 0
##$BACSAIR= no
##$BACSCAP= 0
##$BACSDEL= 10
##$BACSFCM= no
##$BACSOPT= <>
##$BACSTY= <no>
##$BARPTY= <no>
##$BFREQ= 599.924
##$BGAETH1= <no>
##$BGAETH2= <no>
##$BGAETH3= <no>
##$BGAETH4= <no>
##$BGAETH5= <no>
##$BGAETH6= <no>
##$BGAETH7= <no>
##$BGAETH8= <no>
##$BIRDS= yes
##$BMPC= 0
##$BMPCTY= <no>
##$BPSUTY= <no>
##$BSMS= 1
##$BSMSETH= <no>
##$BSMSTY= <tty02>
##$CFASMOD= (0..7)
1 1 1 1 1 1 1 1
##$CFASMUL= (0..7)
1 1 1 1 1 1 1 1
##$CNFTXDR= (0..7)
6 6 6 6 0 0 0 0
##$COMDIG2= 0
##$CPDBTY= <no>
##$CRCOTY= <no>
##$CSW1= (0..31)
0 0 0 0 0 0 0 0 0 0 0 0 0 0 0 0 0 0 0 0 0 0 0 0 0 0 0 0 0 0 0 0
##$CSW2= (0..31)
0 0 0 0 0 0 0 0 0 0 0 0 0 0 0 0 0 0 0 0 0 0 0 0 0 0 0 0 0 0 0 0
##$CSWNUM= (0..7)
0 0 0 0 0 0 0 0
##$DATSTAT= no
##$DIGI140= (0..7)
0 0 0 0 0 0 0 0
##$DIGIB12= (0..7)
0 0 0 0 0 0 0 0
##$DIGIB16= (0..7)
0 0 0 0 0 0 0 0
##$DIGIFA= (0..7)
0 0 0 0 0 0 0 0
##$DIGIHA= (0..7)
0 0 0 0 0 0 0 0
##$DIGIHAF= (0..7)
1 0 0 0 0 0 0 0
##$DIGIHRD= (0..7)
0 0 0 0 0 0 0 0
##$DIGIIA= (0..7)
0 0 0 0 0 0 0 0
##$DIGIO16= (0..7)
0 0 0 0 0 0 0 0
##$DIGISA= (0..7)
0 0 0 0 0 0 0 0
##$DIGISAF= (0..7)
0 0 0 0 0 0 0 0
##$DIGISL= (0..7)
0 0 0 0 0 0 0 0
##$DIGITYI= (0..7)
0 0 0 0 0 0 0 0
##$DIGITYP= (0..7)
2 0 0 0 0 0 0 0
##$DIGITZ= 0
##$DRU= no
##$DRUETH01= <no>
##$DRUETH02= <no>
##$DRUETH03= <no>
##$DRUETH04= <no>
##$DRUETH05= <no>
##$DRUETH06= <no>
##$DRUETH07= <no>
##$DRUETH08= <no>
##$DRUETH09= <no>
##$DRUETH10= <no>
##$DRUETH11= <no>
##$DRUETH12= <no>
##$DRUETH13= <no>
##$DRUETH14= <no>
##$DRUETH15= <no>
##$DRUETH16= <no>
##$DRUETH17= <no>
##$DRUETH18= <no>
##$DRUETH19= <no>
##$DRUETH20= <no>
##$DRUETH21= <no>
##$DRUETH22= <no>
##$DRUETH23= <no>
##$DRUETH24= <no>
##$DRUETH25= <no>
##$DRUETH26= <no>
##$DRUETH27= <no>
##$DRUETH28= <no>
##$DRUETH29= <no>
##$DRUETH30= <no>
##$DRUETH31= <no>
##$DRUETH32= <no>
##$FCUMEM= (0..7)
2093056 2093056 2093056 2093056 0 0 0 0
##$FCUPAL= (0..7)
260 260 260 260 0 0 0 0
##$FGSVTY= <no>
##$FQMIX= 0
##$FUNCMOD= <>
##$GCUTYPE= 2
##$GPREDEL= 0
##$GPSCUTY= <no>
##$GRADRES= 5
##$GTUTY= <no>
##$HFAC= 3
##$HPCU= 0
##$HPCUTY= <no>
##$HPTXLP= (0..3)
-1 -1 -1 -1
##$HPTXPI= (0..3)
0 0 0 0
##$HPTXPO= (0..3)
0 0 0 0
##$HPTXTY= (0..3)
0 0 0 0
##$IF451= 0
##$IFREQ= 1
##$INTFPR= 0
##$IPSO= no
##$IPSOETH= <>
##$LOCKTY= <tty03>
##$LOCSWID= 7
##$M2FAC= 0
##$MAS= 0
##$MASETIME= 10
##$MASITIME= 10
##$MASTY= <no>
##$MAS_CT= 0
##$MAS_SG= 0
##$MAS_TO= 0
##$MEMPRM= 0
##$MHFAC= 0
##$MXFAC= 0
##$NAMPD1= <1H LNA>
##$NAMPD10= <>
##$NAMPD11= <>
##$NAMPD12= <>
##$NAMPD13= <>
##$NAMPD14= <>
##$NAMPD15= <>
##$NAMPD16= <>
##$NAMPD2= <XBB19F 2HS>
##$NAMPD3= <13C>
##$NAMPD4= <15N>
##$NAMPD5= <2H>
##$NAMPD6= <>
##$NAMPD7= <>
##$NAMPD8= <>
##$NAMPD9= <>
##$NFCU= 4
##$NMRCH= 0
##$NMRMEM= 0
##$NRCU= 1
##$NROUT= 2
##$NSGU= 4
##$PAMPF1= (0..15)
75 24 64 88 88 96 0 0 0 0 0 0 0 0 0 0
##$PAMPF2= (0..15)
0 0 0 0 0 0 0 0 0 0 0 0 0 0 0 0
##$PAMPF3= (0..15)
0 0 0 0 0 0 0 0 0 0 0 0 0 0 0 0
##$PAMPF4= (0..15)
0 0 0 0 0 0 0 0 0 0 0 0 0 0 0 0
##$PAMPF5= (0..15)
0 0 0 0 0 0 0 0 0 0 0 0 0 0 0 0
##$PAMPF6= (0..15)
0 0 0 0 0 0 0 0 0 0 0 0 0 0 0 0
##$PAMPF7= (0..15)
0 0 0 0 0 0 0 0 0 0 0 0 0 0 0 0
##$PAMPF8= (0..15)
0 0 0 0 0 0 0 0 0 0 0 0 0 0 0 0
##$PH4= 0
##$PHF4TY= <no>
##$POWCHK= yes
##$PRAMD1= (0..7)
2 0 0 536870912 0 0 0 0
##$PRAMD10= (0..7)
0 0 0 0 0 0 0 0
##$PRAMD11= (0..7)
0 0 0 0 0 0 0 0
##$PRAMD12= (0..7)
0 0 0 0 0 0 0 0
##$PRAMD13= (0..7)
0 0 0 0 0 0 0 0
##$PRAMD14= (0..7)
0 0 0 0 0 0 0 0
##$PRAMD15= (0..7)
0 0 0 0 0 0 0 0
##$PRAMD16= (0..7)
0 0 0 0 0 0 0 0
##$PRAMD17= (0..7)
0 0 0 0 0 0 0 0
##$PRAMD18= (0..7)
0 0 0 0 0 0 0 0
##$PRAMD19= (0..7)
0 0 0 0 0 0 0 0
##$PRAMD2= (0..7)
2147483644 2131230719 2147483647 671088639 0 0 0 0
##$PRAMD20= (0..7)
0 0 0 0 0 0 0 0
##$PRAMD21= (0..7)
0 0 0 0 0 0 0 0
##$PRAMD3= (0..7)
16777216 0 0 536870912 0 0 0 0
##$PRAMD4= (0..7)
0 0 4 536870912 0 0 0 0
##$PRAMD5= (0..7)
0 1048576 0 536870912 0 1048576 0 536870912
##$PRAMD6= (0..7)
0 0 0 0 0 0 0 0
##$PRAMD7= (0..7)
0 0 0 0 0 0 0 0
##$PRAMD8= (0..7)
0 0 0 0 0 0 0 0
##$PRAMD9= (0..7)
0 0 0 0 0 0 0 0
##$PRAMLED= (0..1)
15 15
##$PRAMP1= <tty10>
##$PRAMP2= <no>
##$PRAMP3= <no>
##$PRAMP4= <no>
##$PRAMP5= <no>
##$PRAMP6= <no>
##$PRAMP7= <no>
##$PRAMP8= <no>
##$PRAMPTP= 1
##$PREPTY= <no>
##$PRESHLD= 0
##$PTS160= -1
##$PTSA2X= (0..7)
0 0 0 0 0 0 0 0
##$PTSF2X= (0..7)
0 0 0 0 0 0 0 0
##$PTSFMX= (0..7)
643.52499 643.52499 643.52499 642.9 0 0 0 0
##$PULCHK= no
##$RCUCDS= (0..7)
8388608 0 0 0 0 0 0 0
##$RCUCFS= (0..7)
4096 0 0 0 0 0 0 0
##$RCUCSS= (0..7)
1048576 0 0 0 0 0 0 0
##$RCUI2C1= (0..7)
78 0 0 0 0 0 0 0
##$RCUI2C2= (0..7)
0 0 0 0 0 0 0 0
##$RCUI2C3= (0..7)
0 0 0 0 0 0 0 0
##$RCUI2C4= (0..7)
0 0 0 0 0 0 0 0
##$RCUI2C5= (0..7)
0 0 0 0 0 0 0 0
##$RCUI2C6= (0..7)
0 0 0 0 0 0 0 0
##$RCUI2C7= (0..7)
0 0 0 0 0 0 0 0
##$RCUI2C8= (0..7)
0 0 0 0 0 0 0 0
##$RDCU= 0
##$RFSVTY= <no>
##$RGTYPE= (0..31)
5 0 0 0 0 0 0 0 0 0 0 0 0 0 0 0 0 0 0 0 0 0 0 0 0 0 0 0 0 0 0 0
##$RG_max= (0..31)
46341 0 0 0 0 0 0 0 0 0 0 0 0 0 0 0 0 0 0 0 0 0 0 0 0 0 0 0 0 0 0 0 
##$RG_min= (0..31)
1 0 0 0 0 0 0 0 0 0 0 0 0 0 0 0 0 0 0 0 0 0 0 0 0 0 0 0 0 0 0 0 
##$RG_tab1= (0..255)
1 1.1 1.3 1.4 1.6 1.8 2 2.2 2.5 2.8 3.2 3.6 4 4.5 5 5.7 6.3 7.1 8 9 10.1 
11.3 12.7 14.3 16 18 20.2 22.6 25.4 28.5 32 35.9 40.3 45.3 50.8 57 64 
71.8 80.6 90.5 101.6 114 128 143.7 161.3 181 203.2 228.1 256 287.4 322.5 
362 406.4 456.1 512 574.7 645.1 724.1 812.7 912.3 1024 1149.4 1290.2 1448.2 
1625.5 1824.6 2048 2298.8 2580.3 2896.3 3251 3649.1 4096 4597.6 5160.6 
5792.6 6502 7298.2 8192 9195.2 10321.3 11585.2 13004 14596.5 16384 18390.4 
20642.5 23170.5 26008 29193 32768 36780.8 41285.1 46341 -1 -1 -1 -1 -1 
-1 -1 -1 -1 -1 -1 -1 -1 -1 -1 -1 -1 -1 -1 -1 -1 -1 -1 -1 -1 -1 -1 -1 -1 
-1 -1 -1 -1 -1 -1 -1 -1 -1 -1 -1 -1 -1 -1 -1 -1 -1 -1 -1 -1 -1 -1 -1 -1 
-1 -1 -1 -1 -1 -1 -1 -1 -1 -1 -1 -1 -1 -1 -1 -1 -1 -1 -1 -1 -1 -1 -1 -1 
-1 -1 -1 -1 -1 -1 -1 -1 -1 -1 -1 -1 -1 -1 -1 -1 -1 -1 -1 -1 -1 -1 -1 -1 
-1 -1 -1 -1 -1 -1 -1 -1 -1 -1 -1 -1 -1 -1 -1 -1 -1 -1 -1 -1 -1 -1 -1 -1 
-1 -1 -1 -1 -1 -1 -1 -1 -1 -1 -1 -1 -1 -1 -1 -1 -1 -1 -1 -1 -1 -1 -1 -1 
-1 -1 -1 -1 -1 -1 -1 -1 -1 -1 -1 -1 -1
##$RG_tab2= (0..255)
-1 -1 -1 -1 -1 -1 -1 -1 -1 -1 -1 -1 -1 -1 -1 -1 -1 -1 -1 -1 -1 -1 -1 -1 
-1 -1 -1 -1 -1 -1 -1 -1 -1 -1 -1 -1 -1 -1 -1 -1 -1 -1 -1 -1 -1 -1 -1 -1 
-1 -1 -1 -1 -1 -1 -1 -1 -1 -1 -1 -1 -1 -1 -1 -1 -1 -1 -1 -1 -1 -1 -1 -1 
-1 -1 -1 -1 -1 -1 -1 -1 -1 -1 -1 -1 -1 -1 -1 -1 -1 -1 -1 -1 -1 -1 -1 -1 
-1 -1 -1 -1 -1 -1 -1 -1 -1 -1 -1 -1 -1 -1 -1 -1 -1 -1 -1 -1 -1 -1 -1 -1 
-1 -1 -1 -1 -1 -1 -1 -1 -1 -1 -1 -1 -1 -1 -1 -1 -1 -1 -1 -1 -1 -1 -1 -1 
-1 -1 -1 -1 -1 -1 -1 -1 -1 -1 -1 -1 -1 -1 -1 -1 -1 -1 -1 -1 -1 -1 -1 -1 
-1 -1 -1 -1 -1 -1 -1 -1 -1 -1 -1 -1 -1 -1 -1 -1 -1 -1 -1 -1 -1 -1 -1 -1 
-1 -1 -1 -1 -1 -1 -1 -1 -1 -1 -1 -1 -1 -1 -1 -1 -1 -1 -1 -1 -1 -1 -1 -1 
-1 -1 -1 -1 -1 -1 -1 -1 -1 -1 -1 -1 -1 -1 -1 -1 -1 -1 -1 -1 -1 -1 -1 -1 
-1 -1 -1 -1 -1 -1 -1 -1 -1 -1 -1 -1 -1 -1 -1 -1
##$RG_tab3= (0..255)
-1 -1 -1 -1 -1 -1 -1 -1 -1 -1 -1 -1 -1 -1 -1 -1 -1 -1 -1 -1 -1 -1 -1 -1 
-1 -1 -1 -1 -1 -1 -1 -1 -1 -1 -1 -1 -1 -1 -1 -1 -1 -1 -1 -1 -1 -1 -1 -1 
-1 -1 -1 -1 -1 -1 -1 -1 -1 -1 -1 -1 -1 -1 -1 -1 -1 -1 -1 -1 -1 -1 -1 -1 
-1 -1 -1 -1 -1 -1 -1 -1 -1 -1 -1 -1 -1 -1 -1 -1 -1 -1 -1 -1 -1 -1 -1 -1 
-1 -1 -1 -1 -1 -1 -1 -1 -1 -1 -1 -1 -1 -1 -1 -1 -1 -1 -1 -1 -1 -1 -1 -1 
-1 -1 -1 -1 -1 -1 -1 -1 -1 -1 -1 -1 -1 -1 -1 -1 -1 -1 -1 -1 -1 -1 -1 -1 
-1 -1 -1 -1 -1 -1 -1 -1 -1 -1 -1 -1 -1 -1 -1 -1 -1 -1 -1 -1 -1 -1 -1 -1 
-1 -1 -1 -1 -1 -1 -1 -1 -1 -1 -1 -1 -1 -1 -1 -1 -1 -1 -1 -1 -1 -1 -1 -1 
-1 -1 -1 -1 -1 -1 -1 -1 -1 -1 -1 -1 -1 -1 -1 -1 -1 -1 -1 -1 -1 -1 -1 -1 
-1 -1 -1 -1 -1 -1 -1 -1 -1 -1 -1 -1 -1 -1 -1 -1 -1 -1 -1 -1 -1 -1 -1 -1 
-1 -1 -1 -1 -1 -1 -1 -1 -1 -1 -1 -1 -1 -1 -1 -1
##$RG_tab4= (0..255)
-1 -1 -1 -1 -1 -1 -1 -1 -1 -1 -1 -1 -1 -1 -1 -1 -1 -1 -1 -1 -1 -1 -1 -1 
-1 -1 -1 -1 -1 -1 -1 -1 -1 -1 -1 -1 -1 -1 -1 -1 -1 -1 -1 -1 -1 -1 -1 -1 
-1 -1 -1 -1 -1 -1 -1 -1 -1 -1 -1 -1 -1 -1 -1 -1 -1 -1 -1 -1 -1 -1 -1 -1 
-1 -1 -1 -1 -1 -1 -1 -1 -1 -1 -1 -1 -1 -1 -1 -1 -1 -1 -1 -1 -1 -1 -1 -1 
-1 -1 -1 -1 -1 -1 -1 -1 -1 -1 -1 -1 -1 -1 -1 -1 -1 -1 -1 -1 -1 -1 -1 -1 
-1 -1 -1 -1 -1 -1 -1 -1 -1 -1 -1 -1 -1 -1 -1 -1 -1 -1 -1 -1 -1 -1 -1 -1 
-1 -1 -1 -1 -1 -1 -1 -1 -1 -1 -1 -1 -1 -1 -1 -1 -1 -1 -1 -1 -1 -1 -1 -1 
-1 -1 -1 -1 -1 -1 -1 -1 -1 -1 -1 -1 -1 -1 -1 -1 -1 -1 -1 -1 -1 -1 -1 -1 
-1 -1 -1 -1 -1 -1 -1 -1 -1 -1 -1 -1 -1 -1 -1 -1 -1 -1 -1 -1 -1 -1 -1 -1 
-1 -1 -1 -1 -1 -1 -1 -1 -1 -1 -1 -1 -1 -1 -1 -1 -1 -1 -1 -1 -1 -1 -1 -1 
-1 -1 -1 -1 -1 -1 -1 -1 -1 -1 -1 -1 -1 -1 -1 -1
##$RG_tab5= (0..255)
-1 -1 -1 -1 -1 -1 -1 -1 -1 -1 -1 -1 -1 -1 -1 -1 -1 -1 -1 -1 -1 -1 -1 -1 
-1 -1 -1 -1 -1 -1 -1 -1 -1 -1 -1 -1 -1 -1 -1 -1 -1 -1 -1 -1 -1 -1 -1 -1 
-1 -1 -1 -1 -1 -1 -1 -1 -1 -1 -1 -1 -1 -1 -1 -1 -1 -1 -1 -1 -1 -1 -1 -1 
-1 -1 -1 -1 -1 -1 -1 -1 -1 -1 -1 -1 -1 -1 -1 -1 -1 -1 -1 -1 -1 -1 -1 -1 
-1 -1 -1 -1 -1 -1 -1 -1 -1 -1 -1 -1 -1 -1 -1 -1 -1 -1 -1 -1 -1 -1 -1 -1 
-1 -1 -1 -1 -1 -1 -1 -1 -1 -1 -1 -1 -1 -1 -1 -1 -1 -1 -1 -1 -1 -1 -1 -1 
-1 -1 -1 -1 -1 -1 -1 -1 -1 -1 -1 -1 -1 -1 -1 -1 -1 -1 -1 -1 -1 -1 -1 -1 
-1 -1 -1 -1 -1 -1 -1 -1 -1 -1 -1 -1 -1 -1 -1 -1 -1 -1 -1 -1 -1 -1 -1 -1 
-1 -1 -1 -1 -1 -1 -1 -1 -1 -1 -1 -1 -1 -1 -1 -1 -1 -1 -1 -1 -1 -1 -1 -1 
-1 -1 -1 -1 -1 -1 -1 -1 -1 -1 -1 -1 -1 -1 -1 -1 -1 -1 -1 -1 -1 -1 -1 -1 
-1 -1 -1 -1 -1 -1 -1 -1 -1 -1 -1 -1 -1 -1 -1 -1
##$RG_tab6= (0..255)
-1 -1 -1 -1 -1 -1 -1 -1 -1 -1 -1 -1 -1 -1 -1 -1 -1 -1 -1 -1 -1 -1 -1 -1 
-1 -1 -1 -1 -1 -1 -1 -1 -1 -1 -1 -1 -1 -1 -1 -1 -1 -1 -1 -1 -1 -1 -1 -1 
-1 -1 -1 -1 -1 -1 -1 -1 -1 -1 -1 -1 -1 -1 -1 -1 -1 -1 -1 -1 -1 -1 -1 -1 
-1 -1 -1 -1 -1 -1 -1 -1 -1 -1 -1 -1 -1 -1 -1 -1 -1 -1 -1 -1 -1 -1 -1 -1 
-1 -1 -1 -1 -1 -1 -1 -1 -1 -1 -1 -1 -1 -1 -1 -1 -1 -1 -1 -1 -1 -1 -1 -1 
-1 -1 -1 -1 -1 -1 -1 -1 -1 -1 -1 -1 -1 -1 -1 -1 -1 -1 -1 -1 -1 -1 -1 -1 
-1 -1 -1 -1 -1 -1 -1 -1 -1 -1 -1 -1 -1 -1 -1 -1 -1 -1 -1 -1 -1 -1 -1 -1 
-1 -1 -1 -1 -1 -1 -1 -1 -1 -1 -1 -1 -1 -1 -1 -1 -1 -1 -1 -1 -1 -1 -1 -1 
-1 -1 -1 -1 -1 -1 -1 -1 -1 -1 -1 -1 -1 -1 -1 -1 -1 -1 -1 -1 -1 -1 -1 -1 
-1 -1 -1 -1 -1 -1 -1 -1 -1 -1 -1 -1 -1 -1 -1 -1 -1 -1 -1 -1 -1 -1 -1 -1 
-1 -1 -1 -1 -1 -1 -1 -1 -1 -1 -1 -1 -1 -1 -1 -1
##$RG_tab7= (0..255)
-1 -1 -1 -1 -1 -1 -1 -1 -1 -1 -1 -1 -1 -1 -1 -1 -1 -1 -1 -1 -1 -1 -1 -1 
-1 -1 -1 -1 -1 -1 -1 -1 -1 -1 -1 -1 -1 -1 -1 -1 -1 -1 -1 -1 -1 -1 -1 -1 
-1 -1 -1 -1 -1 -1 -1 -1 -1 -1 -1 -1 -1 -1 -1 -1 -1 -1 -1 -1 -1 -1 -1 -1 
-1 -1 -1 -1 -1 -1 -1 -1 -1 -1 -1 -1 -1 -1 -1 -1 -1 -1 -1 -1 -1 -1 -1 -1 
-1 -1 -1 -1 -1 -1 -1 -1 -1 -1 -1 -1 -1 -1 -1 -1 -1 -1 -1 -1 -1 -1 -1 -1 
-1 -1 -1 -1 -1 -1 -1 -1 -1 -1 -1 -1 -1 -1 -1 -1 -1 -1 -1 -1 -1 -1 -1 -1 
-1 -1 -1 -1 -1 -1 -1 -1 -1 -1 -1 -1 -1 -1 -1 -1 -1 -1 -1 -1 -1 -1 -1 -1 
-1 -1 -1 -1 -1 -1 -1 -1 -1 -1 -1 -1 -1 -1 -1 -1 -1 -1 -1 -1 -1 -1 -1 -1 
-1 -1 -1 -1 -1 -1 -1 -1 -1 -1 -1 -1 -1 -1 -1 -1 -1 -1 -1 -1 -1 -1 -1 -1 
-1 -1 -1 -1 -1 -1 -1 -1 -1 -1 -1 -1 -1 -1 -1 -1 -1 -1 -1 -1 -1 -1 -1 -1 
-1 -1 -1 -1 -1 -1 -1 -1 -1 -1 -1 -1 -1 -1 -1 -1
##$RG_tab8= (0..255)
-1 -1 -1 -1 -1 -1 -1 -1 -1 -1 -1 -1 -1 -1 -1 -1 -1 -1 -1 -1 -1 -1 -1 -1 
-1 -1 -1 -1 -1 -1 -1 -1 -1 -1 -1 -1 -1 -1 -1 -1 -1 -1 -1 -1 -1 -1 -1 -1 
-1 -1 -1 -1 -1 -1 -1 -1 -1 -1 -1 -1 -1 -1 -1 -1 -1 -1 -1 -1 -1 -1 -1 -1 
-1 -1 -1 -1 -1 -1 -1 -1 -1 -1 -1 -1 -1 -1 -1 -1 -1 -1 -1 -1 -1 -1 -1 -1 
-1 -1 -1 -1 -1 -1 -1 -1 -1 -1 -1 -1 -1 -1 -1 -1 -1 -1 -1 -1 -1 -1 -1 -1 
-1 -1 -1 -1 -1 -1 -1 -1 -1 -1 -1 -1 -1 -1 -1 -1 -1 -1 -1 -1 -1 -1 -1 -1 
-1 -1 -1 -1 -1 -1 -1 -1 -1 -1 -1 -1 -1 -1 -1 -1 -1 -1 -1 -1 -1 -1 -1 -1 
-1 -1 -1 -1 -1 -1 -1 -1 -1 -1 -1 -1 -1 -1 -1 -1 -1 -1 -1 -1 -1 -1 -1 -1 
-1 -1 -1 -1 -1 -1 -1 -1 -1 -1 -1 -1 -1 -1 -1 -1 -1 -1 -1 -1 -1 -1 -1 -1 
-1 -1 -1 -1 -1 -1 -1 -1 -1 -1 -1 -1 -1 -1 -1 -1 -1 -1 -1 -1 -1 -1 -1 -1 
-1 -1 -1 -1 -1 -1 -1 -1 -1 -1 -1 -1 -1 -1 -1 -1
##$RG_tabA= (0..255)
1 1.1 1.3 1.4 1.6 1.8 2 2.2 2.5 2.8 3.2 3.6 4 4.5 5 5.7 6.3 7.1 8 9 10.1 
11.3 12.7 14.3 16 18 20.2 22.6 25.4 28.5 32 35.9 40.3 45.3 50.8 57 64 
71.8 80.6 90.5 101.6 114 128 143.7 161.3 181 203.2 228.1 256 287.4 322.5 
362 406.4 456.1 512 574.7 645.1 724.1 812.7 912.3 1024 1149.4 1290.2 1448.2 
1625.5 1824.6 2048 2298.8 2580.3 2896.3 3251 3649.1 4096 4597.6 5160.6 
5792.6 6502 7298.2 8192 9195.2 10321.3 11585.2 13004 14596.5 16384 18390.4 
20642.5 23170.5 26008 29193 32768 36780.8 41285.1 46341 -1 -1 -1 -1 -1 
-1 -1 -1 -1 -1 -1 -1 -1 -1 -1 -1 -1 -1 -1 -1 -1 -1 -1 -1 -1 -1 -1 -1 -1 
-1 -1 -1 -1 -1 -1 -1 -1 -1 -1 -1 -1 -1 -1 -1 -1 -1 -1 -1 -1 -1 -1 -1 -1 
-1 -1 -1 -1 -1 -1 -1 -1 -1 -1 -1 -1 -1 -1 -1 -1 -1 -1 -1 -1 -1 -1 -1 -1 
-1 -1 -1 -1 -1 -1 -1 -1 -1 -1 -1 -1 -1 -1 -1 -1 -1 -1 -1 -1 -1 -1 -1 -1 
-1 -1 -1 -1 -1 -1 -1 -1 -1 -1 -1 -1 -1 -1 -1 -1 -1 -1 -1 -1 -1 -1 -1 -1 
-1 -1 -1 -1 -1 -1 -1 -1 -1 -1 -1 -1 -1 -1 -1 -1 -1 -1 -1 -1 -1 -1 -1 -1 
-1 -1 -1 -1 -1 -1 -1 -1 -1 -1 -1 -1 -1
##$ROUT14= (0..7)
0 0 0 0 0 0 0 0
##$ROUTER= 2
##$RX22TY= <tty10>
##$RXFMAX= (0..7)
-1 -1 -1 -1 -1 -1 -1 -1
##$RXFMIN= (0..7)
-1 -1 -1 -1 -1 -1 -1 -1
##$RXINTLV= (0..7)
0 0 0 0 0 0 0 0
##$RXMSTY= <no>
##$SCMTY= <no>
##$SGUC1= (0..15)
0 0 0 0 0 0 0 0 0 0 0 0 0 0 0 0
##$SGUC2= (0..15)
0 0 0 0 0 0 0 0 0 0 0 0 0 0 0 0
##$SPECTR= 5
##$SY2FLAG= 0
##$TFXNUM= 0
##$TRIPLO2= 0
##$VTUTY= <tty05>
##$WBREFAM= (0..15)
100 100 100 100 100 100 100 100 100 100 100 100 100 100 100 100
##$WBREFPH= (0..15)
0 0 0 0 0 0 0 0 0 0 0 0 0 0 0 0
##$XFAC= 2
##END=
