##TITLE= Parameter file, TopSpin 4.2.0
##JCAMPDX= 5.0
##DATATYPE= Parameter Values
##NPOINTS= 19	$$ modification sequence number
##ORIGIN= Bruker BioSpin GmbH
##OWNER= tf
$$ 2023-05-30 18:09:49.128 +0100  chris@eduroam-int-dhcp-98-164-210.ucl.ac.uk
$$ /Users/chris/.julia/dev/NMRTools/exampledata/2D_HN_titration/3/pdata/1/clevels
$$ process /opt/topspin4.2.0/prog/mod/dataserver
##$LEVELS= (0..255)
-78828.2 -69753.2 -61722.96 -54617.18 -48329.44 -42765.58 -37842.24 -33485.7
-29630.7 -26219.5 -23201.02 -20530.04 -18166.54 -16075.14 -14224.5 -12586.92
-11137.88 -9855.64 -8721.02 -7717.02 7717.02 8721.02 9855.64 11137.88 12586.92
14224.5 16075.14 18166.54 20530.04 23201.02 26219.5 29630.7 33485.7 37842.24
42765.58 48329.44 54617.18 61722.96 69753.2 78828.2 0 0 0 0 0 0 0 0 0 0
0 0 0 0 0 0 0 0 0 0 0 0 0 0 0 0 0 0 0 0 0 0 0 0 0 0 0 0 0 0 0 0 0 0 0 0
0 0 0 0 0 0 0 0 0 0 0 0 0 0 0 0 0 0 0 0 0 0 0 0 0 0 0 0 0 0 0 0 0 0 0 0
0 0 0 0 0 0 0 0 0 0 0 0 0 0 0 0 0 0 0 0 0 0 0 0 0 0 0 0 0 0 0 0 0 0 0 0
0 0 0 0 0 0 0 0 0 0 0 0 0 0 0 0 0 0 0 0 0 0 0 0 0 0 0 0 0 0 0 0 0 0 0 0
0 0 0 0 0 0 0 0 0 0 0 0 0 0 0 0 0 0 0 0 0 0 0 0 0 0 0 0 0 0 0 0 0 0 0 0
0 0 0 0 0 0 0 0 0 0 0 0 0 0 0 0 0 0 0 0 0 0 0 0 0 0
##$LEVSIGN= 3
##$MAXLEV= 20
##$METHOD= 0
##$NEGBASE= -3858.51
##$NEGINCR= 1.8
##$POSBASE= 3858.51
##$POSINCR= 1.8
##END=
