##TITLE= Parameter file, TopSpin 4.1.4
##JCAMPDX= 5.0
##DATATYPE= Parameter Values
##NPOINTS= 1	$$ modification sequence number
##ORIGIN= Bruker BioSpin GmbH
##OWNER= nmrsu
$$ 2023-05-24 15:31:41.572 +0100  nmrsu@CZC1459CVK
$$ /home/nmrsu/nmr/kitty_230524_aa_GroupQ/4/pdata/1/clevels
$$ process /opt/topspin4.1.4/prog/au/bin/iexpno
##$LEVELS= (0..255)
-12102216700.6642 -6723453722.59123 -3735252068.10624 -2075140037.8368
-1152855576.576 -640475320.32 -355819622.4 -197677568 197677568 355819622.4
640475320.32 1152855576.576 2075140037.8368 3735252068.10624 6723453722.59123
12102216700.6642 0 0 0 0 0 0 0 0 0 0 0 0 0 0 0 0 0 0 0 0 0 0 0 0 0 0 0
0 0 0 0 0 0 0 0 0 0 0 0 0 0 0 0 0 0 0 0 0 0 0 0 0 0 0 0 0 0 0 0 0 0 0 0
0 0 0 0 0 0 0 0 0 0 0 0 0 0 0 0 0 0 0 0 0 0 0 0 0 0 0 0 0 0 0 0 0 0 0 0
0 0 0 0 0 0 0 0 0 0 0 0 0 0 0 0 0 0 0 0 0 0 0 0 0 0 0 0 0 0 0 0 0 0 0 0
0 0 0 0 0 0 0 0 0 0 0 0 0 0 0 0 0 0 0 0 0 0 0 0 0 0 0 0 0 0 0 0 0 0 0 0
0 0 0 0 0 0 0 0 0 0 0 0 0 0 0 0 0 0 0 0 0 0 0 0 0 0 0 0 0 0 0 0 0 0 0 0
0 0 0 0 0 0 0 0 0 0 0 0 0 0 0 0 0 0 0 0 0 0 0 0 0 0 0 0 0 0 0 0 0
##$LEVSIGN= 3
##$MAXLEV= 8
##$METHOD= 0
##$NEGBASE= -197677568
##$NEGINCR= 1.8
##$POSBASE= 197677568
##$POSINCR= 1.8
##END=
