##TITLE= Parameter file, TOPSPIN		Version 2.1
##JCAMPDX= 5.0
##DATATYPE= Parameter Values
##NPOINTS= 8	$$ modification sequence number
##ORIGIN= Bruker BioSpin GmbH
##OWNER= jk
$$ 2013-06-24 16:17:17.651 +0100  jk@nmrspec500
$$ /opt/topspin/data/jc/nmr/sammy_LRE_aSyn_24062013/7/pdata/1/clevels
$$ process /opt/topspin/prog/mod/dataserver
##$LEVELS= (0..255)
-536712.496368833 -298173.609093796 -165652.005052109 -92028.891695616
-51127.16205312 -28403.9789184 -15779.988288 -8766.66016 8766.66016 15779.988288
28403.9789184 51127.16205312 92028.891695616 165652.005052109 298173.609093796
536712.496368833 0 0 0 0 0 0 0 0 0 0 0 0 0 0 0 0 0 0 0 0 0 0 0 0 0 0 0
0 0 0 0 0 0 0 0 0 0 0 0 0 0 0 0 0 0 0 0 0 0 0 0 0 0 0 0 0 0 0 0 0 0 0 0
0 0 0 0 0 0 0 0 0 0 0 0 0 0 0 0 0 0 0 0 0 0 0 0 0 0 0 0 0 0 0 0 0 0 0 0
0 0 0 0 0 0 0 0 0 0 0 0 0 0 0 0 0 0 0 0 0 0 0 0 0 0 0 0 0 0 0 0 0 0 0 0
0 0 0 0 0 0 0 0 0 0 0 0 0 0 0 0 0 0 0 0 0 0 0 0 0 0 0 0 0 0 0 0 0 0 0 0
0 0 0 0 0 0 0 0 0 0 0 0 0 0 0 0 0 0 0 0 0 0 0 0 0 0 0 0 0 0 0 0 0 0 0 0
0 0 0 0 0 0 0 0 0 0 0 0 0 0 0 0 0 0 0 0 0 0 0 0 0 0 0 0 0 0 0 0 0
##$LEVSIGN= 3
##$MAXLEV= 8
##$METHOD= 0
##$NEGBASE= -8766.66016
##$NEGINCR= 1.8
##$POSBASE= 8766.66016
##$POSINCR= 1.8
##END=
