##TITLE= Parameter file, TOPSPIN		Version 3.2
##JCAMPDX= 5.0
##DATATYPE= Parameter Values
##NPOINTS= 83	$$ modification sequence number
##ORIGIN= Bruker BioSpin GmbH
##OWNER= nmrsu
$$ 2017-11-02 19:20:47.049 +0000  whits@CZC33343GD
$$ /opt/topspin3.2.6/conf/instr/spect/uxnmr.par
$$ process /opt/topspin3.2.6/prog/mod/confwiring
##$ACB= 0
##$ACBTAT= (0..23)
0 88 88 72 88 50 50 0 0 0 0 0 0 0 0 0 0 0 0 0 0 0 0 0
##$ACBTBA= (0..23)
0 0 0 0 0 0 0 0 0 0 0 0 0 0 0 0 0 0 0 0 0 0 0 0
##$ACBTBLK= (0..23)
0 35 1 34 33 39 1 0 0 0 0 0 0 0 0 0 0 0 0 0 0 0 0 0
##$ACBTCTL= (0..23)
0 6 6 6 6 6 6 0 0 0 0 0 0 0 0 0 0 0 0 0 0 0 0 0
##$ACBTDI= (0..23)
0 -1779670020 -1779670020 -1779670024 -1779670024 -1779670024 -1779670252
0 0 0 0 0 0 0 0 0 0 0 0 0 0 0 0 0
##$ACBTDM= (0..23)
0 5 10 25 6 10 10 0 0 0 0 0 0 0 0 0 0 0 0 0 0 0 0 0
##$ACBTFHI= (0..23)
0 405 405 900 365 155 139 0 0 0 0 0 0 0 0 0 0 0 0 0 0 0 0 0
##$ACBTFL= (0..23)
0 248 248 248 248 88 8 0 0 0 0 0 0 0 0 0 0 0 0 0 0 0 0 0
##$ACBTFLO= (0..23)
0 6 6 650 6 105 137 0 0 0 0 0 0 0 0 0 0 0 0 0 0 0 0 0
##$ACBTINP= (0..23)
0 3 3 2 1 7 0 0 0 0 0 0 0 0 0 0 0 0 0 0 0 0 0 0
##$ACBTOUT= (0..23)
0 0 0 1 2 3 1 0 0 0 0 0 0 0 0 0 0 0 0 0 0 0 0 0
##$ACBTPO= (0..23)
0 1000000 300000 100000 500000 250000 5000 0 0 0 0 0 0 0 0 0 0 0 0 0 0
0 0 0
##$ACBTPW= (0..23)
0 100 100 100 60 5 1000 0 0 0 0 0 0 0 0 0 0 0 0 0 0 0 0 0
##$ACBTSB= (0..23)
0 3 0 0 0 0 0 0 0 0 0 0 0 0 0 0 0 0 0 0 0 0 0 0
##$ACBTSDT= (0..23)
0 2 2 2 2 2 2 0 0 0 0 0 0 0 0 0 0 0 0 0 0 0 0 0
##$ACBTY= <no>
##$AMPDFLT= no
##$AQSBDCH= (0..95)
0 0 0 0 0 0 0 0 0 0 255 255 255 255 255 255 255 255 255 255 255 255 255
255 255 255 255 255 255 255 255 255 255 255 255 255 255 255 255 255 255
255 255 255 255 255 255 255 255 255 255 255 255 255 255 255 255 255 255
255 255 255 255 255 255 255 255 255 255 255 255 255 255 255 255 255 255
255 255 255 255 255 255 255 255 255 255 255 255 255 255 255 255 255 255
255
##$AQSBDHW= (0..95)
5 1 0 0 0 0 0 0 0 0 255 255 255 255 255 255 255 255 255 255 255 255 255
255 255 255 255 255 255 255 255 255 255 255 255 255 255 255 255 255 255
255 255 255 255 255 255 255 255 255 255 255 255 255 255 255 255 255 255
255 255 255 255 255 255 255 255 255 255 255 255 255 255 255 255 255 255
255 255 255 255 255 255 255 255 255 255 255 255 255 255 255 255 255 255
255
##$AQSBDID= (0..95)
82 88 83 83 83 83 86 86 66 66 255 255 255 255 255 255 255 255 255 255 255
255 255 255 255 255 255 255 255 255 255 255 255 255 255 255 255 255 255
255 255 255 255 255 255 255 255 255 255 255 255 255 255 255 255 255 255
255 255 255 255 255 255 255 255 255 255 255 255 255 255 255 255 255 255
255 255 255 255 255 255 255 255 255 255 255 255 255 255 255 255 255 255
255 255 255
##$AQSBDNO= (0..95)
1 1 1 2 3 4 1 2 1 1 255 255 255 255 255 255 255 255 255 255 255 255 255
255 255 255 255 255 255 255 255 255 255 255 255 255 255 255 255 255 255
255 255 255 255 255 255 255 255 255 255 255 255 255 255 255 255 255 255
255 255 255 255 255 255 255 255 255 255 255 255 255 255 255 255 255 255
255 255 255 255 255 255 255 255 255 255 255 255 255 255 255 255 255 255
255
##$AQSBDSL= (0..95)
2 3 4 4 5 5 13 14 255 1 255 255 255 255 255 255 255 255 255 255 255 255
255 255 255 255 255 255 255 255 255 255 255 255 255 255 255 255 255 255
255 255 255 255 255 255 255 255 255 255 255 255 255 255 255 255 255 255
255 255 255 255 255 255 255 255 255 255 255 255 255 255 255 255 255 255
255 255 255 255 255 255 255 255 255 255 255 255 255 255 255 255 255 255
255 255
##$AQSBDTY= (0..95)
83 218 51 51 51 51 147 145 216 7 255 255 255 255 255 255 255 255 255 255
255 255 255 255 255 255 255 255 255 255 255 255 255 255 255 255 255 255
255 255 255 255 255 255 255 255 255 255 255 255 255 255 255 255 255 255
255 255 255 255 255 255 255 255 255 255 255 255 255 255 255 255 255 255
255 255 255 255 255 255 255 255 255 255 255 255 255 255 255 255 255 255
255 255 255 255
##$AQSBUAD= (0..95)
16 52 36 37 38 39 160 161 32 32 255 255 255 255 255 255 255 255 255 255
255 255 255 255 255 255 255 255 255 255 255 255 255 255 255 255 255 255
255 255 255 255 255 255 255 255 255 255 255 255 255 255 255 255 255 255
255 255 255 255 255 255 255 255 255 255 255 255 255 255 255 255 255 255
255 255 255 255 255 255 255 255 255 255 255 255 255 255 255 255 255 255
255 255 255 255
##$AQSECL= (0..95)
0 0 1 1 1 1 0 1 1 255 255 255 255 255 255 255 255 255 255 255 255 255 255
255 255 255 255 255 255 255 255 255 255 255 255 255 255 255 255 255 255
255 255 255 255 255 255 255 255 255 255 255 255 255 255 255 255 255 255
255 255 255 255 255 255 255 255 255 255 255 255 255 255 255 255 255 255
255 255 255 255 255 255 255 255 255 255 255 255 255 255 255 255 255 255
255
##$AQSECLS= (0..95)
2 2 3 3 3 3 1 2 1 255 255 255 255 255 255 255 255 255 255 255 255 255 255
255 255 255 255 255 255 255 255 255 255 255 255 255 255 255 255 255 255
255 255 255 255 255 255 255 255 255 255 255 255 255 255 255 255 255 255
255 255 255 255 255 255 255 255 255 255 255 255 255 255 255 255 255 255
255 255 255 255 255 255 255 255 255 255 255 255 255 255 255 255 255 255
255
##$AQSETH1= <no>
##$AQSETH2= <no>
##$AQSSPLT= no
##$ATT19F= (0..1)
0 0
##$ATT1H= (0..1)
0 0
##$ATT3H= (0..1)
0 0
##$ATTX= (0..1)
0 0
##$ATTY= (0..1)
0 0
##$ATTZ= (0..1)
0 0
##$BACSAIR= yes
##$BACSCAP= 0
##$BACSDEL= 10
##$BACSFCM= no
##$BACSOPT= <>
##$BACSTY= <no>
##$BARPTY= <no>
##$BFREQ= 899.79
##$BGAETH1= <no>
##$BGAETH2= <no>
##$BGAETH3= <no>
##$BGAETH4= <no>
##$BGAETH5= <no>
##$BGAETH6= <no>
##$BGAETH7= <no>
##$BGAETH8= <no>
##$BIRDS= yes
##$BMPC= 0
##$BMPCTY= <no>
##$BPSUTY= <no>
##$BSMS= 2
##$BSMS19FLock= no
##$BSMSETH= <149.236.99.20>
##$BSMSTY= <no>
##$BgaChMap= (0..7)
15 15 15 15 15 15 15 15
##$BgaChShimMap= (0..7)
0 0 0 0 0 0 0 0
##$Bla01Eth= <149.236.99.252>
##$Bla01Nam= <BLAX1000 E 6-405MHZ INR OUTR>
##$Bla01PN= <W1345529>
##$Bla01SN= <0123>
##$Bla02Eth= <149.236.99.248>
##$Bla02Nam= <BLAXH2H500/100/250 E 700-900MHZ>
##$Bla02PN= <W1345097>
##$Bla02SN= <0297>
##$Bla03Eth= <149.236.99.20>
##$Bla03Nam= <BSMS/2 LOCK TRANSCEIVER 900>
##$Bla03PN= <Z109895>
##$Bla03SN= <00013>
##$Bla04Eth= <no>
##$Bla04Nam= <>
##$Bla04PN= <>
##$Bla04SN= <>
##$Bla05Eth= <no>
##$Bla05Nam= <>
##$Bla05PN= <>
##$Bla05SN= <>
##$Bla06Eth= <no>
##$Bla06Nam= <>
##$Bla06PN= <>
##$Bla06SN= <>
##$Bla07Eth= <no>
##$Bla07Nam= <>
##$Bla07PN= <>
##$Bla07SN= <>
##$Bla08Eth= <no>
##$Bla08Nam= <>
##$Bla08PN= <>
##$Bla08SN= <>
##$CFASMOD= (0..7)
1 1 1 1 1 1 1 1
##$CFASMUL= (0..7)
1 1 1 1 1 1 1 1
##$CNFTXDR= (0..7)
6 6 6 6 0 0 0 0
##$COMDIG2= 0
##$CPDBTY= <no>
##$CRCOTY= <tty04>
##$CSW1= (0..31)
3 3 0 2 2 2 7 0 0 0 0 0 0 0 0 0 0 0 0 0 0 0 0 0 0 0 0 0 0 0 0 0
##$CSW2= (0..31)
0 0 0 1 1 1 0 0 0 0 0 0 0 0 0 0 0 0 0 0 0 0 0 0 0 0 0 0 0 0 0 0
##$CSWNUM= (0..7)
3 4 1 0 0 0 0 0
##$Ctb1Eth= <no>
##$DATSTAT= no
##$DIGI140= (0..7)
0 0 0 0 0 0 0 0
##$DIGIB12= (0..7)
0 0 0 0 0 0 0 0
##$DIGIB16= (0..7)
0 0 0 0 0 0 0 0
##$DIGIFA= (0..7)
0 0 0 0 0 0 0 0
##$DIGIHA= (0..7)
0 0 0 0 0 0 0 0
##$DIGIHAF= (0..7)
0 0 0 0 0 0 0 0
##$DIGIHRD= (0..7)
0 0 0 0 0 0 0 0
##$DIGIIA= (0..7)
0 0 0 0 0 0 0 0
##$DIGIO16= (0..7)
0 0 0 0 0 0 0 0
##$DIGISA= (0..7)
0 0 0 0 0 0 0 0
##$DIGISAF= (0..7)
0 0 0 0 0 0 0 0
##$DIGISL= (0..7)
0 0 0 0 0 0 0 0
##$DIGITYI= (0..7)
0 0 0 0 0 0 0 0
##$DIGITYP= (0..7)
0 0 0 0 0 0 0 0
##$DIGITZ= 0
##$DPPFAC= 1
##$DRMSETH= <no>
##$DRU= yes
##$DRUETH01= <149.236.99.89>
##$DRUETH02= <no>
##$DRUETH03= <no>
##$DRUETH04= <no>
##$DRUETH05= <no>
##$DRUETH06= <no>
##$DRUETH07= <no>
##$DRUETH08= <no>
##$DRUETH09= <no>
##$DRUETH10= <no>
##$DRUETH11= <no>
##$DRUETH12= <no>
##$DRUETH13= <no>
##$DRUETH14= <no>
##$DRUETH15= <no>
##$DRUETH16= <no>
##$DRUETH17= <no>
##$DRUETH18= <no>
##$DRUETH19= <no>
##$DRUETH20= <no>
##$DRUETH21= <no>
##$DRUETH22= <no>
##$DRUETH23= <no>
##$DRUETH24= <no>
##$DRUETH25= <no>
##$DRUETH26= <no>
##$DRUETH27= <no>
##$DRUETH28= <no>
##$DRUETH29= <no>
##$DRUETH30= <no>
##$DRUETH31= <no>
##$DRUETH32= <no>
##$Description= <AvHD900>
##$DppType= 0
##$FCUMEM= (0..7)
16777208 16777208 16777208 16777208 0 0 0 0
##$FCUPAL= (0..7)
0 0 0 0 0 0 0 0
##$FGSVTY= <no>
##$FQMIX= 0
##$FUNCMOD= <>
##$GCUTYPE= 10
##$GCUTYPE2= 0
##$GPREDEL= 0
##$GPSCUTY= <no>
##$GRADRES= 5
##$GTUTY= <no>
##$GradAmpGain= (0..1)
0 0
##$GradAmpMaxCurX= (0..1)
0 0
##$GradAmpMaxCurY= (0..1)
0 0
##$GradAmpMaxCurZ= (0..1)
9.99999904632568 0
##$GradAmpType= (0..1)
2 0
##$HDIETH1= <no>
##$HDIETH2= <no>
##$HDIETH3= <no>
##$HDIETH4= <no>
##$HFAC= 3
##$HPCU= 0
##$HPCUTY= <no>
##$HPTXLP= (0..3)
-1 -1 -1 -1
##$HPTXPI= (0..3)
0 0 0 0
##$HPTXPO= (0..3)
0 0 0 0
##$HPTXTY= (0..3)
0 0 0 0
##$IF451= 0
##$IFREQ= 1
##$INTFPR= 0
##$IPSOETH= <149.236.99.250>
##$LOCKCONF= <DLMT>
##$LOCKTY= <no>
##$LOCSWID= 0
##$LOCSWIF= 0
##$LVDSSPLITETH1= <no>
##$LVDSSPLITETH2= <no>
##$LVDSSPLITETH3= <no>
##$LVDSSPLITETH4= <no>
##$Location= <University of Birmingham>
##$M2FAC= 0
##$MAS= 0
##$MASETIME= 10
##$MASITIME= 10
##$MASTY= <no>
##$MAS_CT= 5
##$MAS_SG= 0
##$MAS_TO= 0
##$MEMPRM= 0
##$MHFAC= 0
##$MXFAC= 0
##$NAMPD1= <HPLNA 19F1H>
##$NAMPD10= <>
##$NAMPD11= <>
##$NAMPD12= <>
##$NAMPD13= <>
##$NAMPD14= <>
##$NAMPD15= <>
##$NAMPD16= <>
##$NAMPD2= <2H>
##$NAMPD3= <XBB31P 2HS>
##$NAMPD4= <13C>
##$NAMPD5= <15N>
##$NAMPD6= <HPLNA BB31P>
##$NAMPD7= <>
##$NAMPD8= <>
##$NAMPD9= <>
##$NFCU= 4
##$NFRED= 0
##$NMRCH= 2
##$NMRMEM= 16384
##$NPSGU= 0
##$NRCU= 1
##$NROUT= 0
##$NSGU= 4
##$OrderNo= <10117524>
##$PAMPF1= (0..15)
75 56 96 0 80 80 88 0 0 0 0 0 0 0 0 0
##$PAMPF2= (0..15)
0 0 0 0 0 0 0 0 0 0 0 0 0 0 0 0
##$PAMPF3= (0..15)
0 0 0 0 0 0 0 0 0 0 0 0 0 0 0 0
##$PAMPF4= (0..15)
0 0 0 0 0 0 0 0 0 0 0 0 0 0 0 0
##$PAMPF5= (0..15)
0 0 0 0 0 0 0 0 0 0 0 0 0 0 0 0
##$PAMPF6= (0..15)
0 0 0 0 0 0 0 0 0 0 0 0 0 0 0 0
##$PAMPF7= (0..15)
0 0 0 0 0 0 0 0 0 0 0 0 0 0 0 0
##$PAMPF8= (0..15)
0 0 0 0 0 0 0 0 0 0 0 0 0 0 0 0
##$PH4= 0
##$PHF4TY= <no>
##$POWCHK= yes
##$PRAMD1= (0..7)
6 0 0 1610612736 0 0 0 0
##$PRAMD10= (0..7)
0 0 0 0 0 0 0 0
##$PRAMD11= (0..7)
0 0 0 0 0 0 0 0
##$PRAMD12= (0..7)
0 0 0 0 0 0 0 0
##$PRAMD13= (0..7)
0 0 0 0 0 0 0 0
##$PRAMD14= (0..7)
0 0 0 0 0 0 0 0
##$PRAMD15= (0..7)
0 0 0 0 0 0 0 0
##$PRAMD16= (0..7)
0 0 0 0 0 0 0 0
##$PRAMD17= (0..7)
0 0 0 0 0 0 0 0
##$PRAMD18= (0..7)
0 0 0 0 0 0 0 0
##$PRAMD19= (0..7)
0 0 0 0 0 0 0 0
##$PRAMD2= (0..7)
0 1048576 0 536870912 0 1048576 0 536870912
##$PRAMD20= (0..7)
0 0 0 0 0 0 0 0
##$PRAMD21= (0..7)
0 0 0 0 0 0 0 0
##$PRAMD3= (0..7)
2147483584 2146435071 2147483647 1677721599 0 0 0 0
##$PRAMD4= (0..7)
16777216 0 0 536870912 0 0 0 0
##$PRAMD5= (0..7)
0 0 4 536870912 0 0 0 0
##$PRAMD6= (0..7)
2147483584 2147483647 2147483647 1610743807 0 0 0 0
##$PRAMD7= (0..7)
0 0 0 0 0 0 0 0
##$PRAMD8= (0..7)
0 0 0 0 0 0 0 0
##$PRAMD9= (0..7)
0 0 0 0 0 0 0 0
##$PRAMLED= (0..1)
0 0
##$PRAMP1= <tty10>
##$PRAMP2= <no>
##$PRAMP3= <no>
##$PRAMP4= <no>
##$PRAMP5= <no>
##$PRAMP6= <no>
##$PRAMP7= <no>
##$PRAMP8= <no>
##$PRAMPTP= 1
##$PREPTY= <no>
##$PREREC= (0..15)
0 0 0 0 0 0 0 0 0 0 0 0 0 0 0 0
##$PRESHLD= 0
##$PTS160= -1
##$PTSA2X= (0..7)
0 0 0 0 0 0 0 0
##$PTSF2X= (0..7)
0 0 0 0 0 0 0 0
##$PTSFMX= (0..19)
1289.9 1289.9 1289.9 1289.9 0 0 0 0 0 0 0 0 0 0 0 0 0 0 0 0
##$PULCHK= no
##$PramDutyCycPerc= (0..15)
4 2 2 2 2 4 0 0 0 0 0 0 0 0 0 0
##$PramPeakPowerW= (0..15)
4000 500 1000 500 500 4000 0 0 0 0 0 0 0 0 0 0
##$PramPulWidthMs= (0..15)
10 0.1 0.1 0.1 0.1 0.05 0 0 0 0 0 0 0 0 0 0
##$PreampMod01PN= <Z103209>
##$PreampMod01SN= <00019>
##$PreampMod02PN= <Z003477>
##$PreampMod02SN= <00052>
##$PreampMod03PN= <Z003510>
##$PreampMod03SN= <00054>
##$PreampMod04PN= <Z003528>
##$PreampMod04SN= <00037>
##$PreampMod05PN= <Z003534>
##$PreampMod05SN= <00040>
##$PreampMod06PN= <Z111098>
##$PreampMod06SN= <00004>
##$PreampMod07PN= <>
##$PreampMod07SN= <>
##$PreampMod08PN= <>
##$PreampMod08SN= <>
##$PreampMod09PN= <>
##$PreampMod09SN= <>
##$PreampMod10PN= <>
##$PreampMod10SN= <>
##$PreampMod11PN= <>
##$PreampMod11SN= <>
##$PreampMod12PN= <>
##$PreampMod12SN= <>
##$PreampMod13PN= <>
##$PreampMod13SN= <>
##$PreampMod14PN= <>
##$PreampMod14SN= <>
##$PreampMod15PN= <>
##$PreampMod15SN= <>
##$PreampMod16PN= <>
##$PreampMod16SN= <>
##$PreampModBisDat= (0..15)
20130806 20130905 20130816 20130814 20130913 20130911 0 0 0 0 0 0 0 0 0
0
##$ProdigyEth= <no>
##$RCUCDS= (0..7)
0 0 0 0 0 0 0 0
##$RCUCFS= (0..7)
0 0 0 0 0 0 0 0
##$RCUCSS= (0..7)
0 0 0 0 0 0 0 0
##$RCUI2C1= (0..7)
0 0 0 0 0 0 0 0
##$RCUI2C2= (0..7)
0 0 0 0 0 0 0 0
##$RCUI2C3= (0..7)
0 0 0 0 0 0 0 0
##$RCUI2C4= (0..7)
0 0 0 0 0 0 0 0
##$RCUI2C5= (0..7)
0 0 0 0 0 0 0 0
##$RCUI2C6= (0..7)
0 0 0 0 0 0 0 0
##$RCUI2C7= (0..7)
0 0 0 0 0 0 0 0
##$RCUI2C8= (0..7)
0 0 0 0 0 0 0 0
##$RDCU= 0
##$RFSINPUT= (0..1)
0 0
##$RFSVTY= <no>
##$RGTYPE= (0..31)
9 0 0 0 0 0 0 0 0 0 0 0 0 0 0 0 0 0 0 0 0 0 0 0 0 0 0 0 0 0 0 0
##$RG_max= (0..31)
2050 0 0 0 0 0 0 0 0 0 0 0 0 0 0 0 0 0 0 0 0 0 0 0 0 0 0 0 0 0 0 0
##$RG_min= (0..31)
0.25 0 0 0 0 0 0 0 0 0 0 0 0 0 0 0 0 0 0 0 0 0 0 0 0 0 0 0 0 0 0 0
##$RG_tab1= (0..255)
0.25 0.28 0.32 0.35 0.4 0.44 0.5 0.56 0.64 0.7 0.8 0.89 1 1.12 1.28 1.4
1.6 1.78 2 2.25 2.56 2.8 3.2 3.56 4 4.5 5 5.6 6.35 7.12 8 9 10 11.3 12.7
14.2 16 18 20.2 22.6 25.4 28.5 32 36 40.3 45.2 50.8 57 64 71.8 80.6 90.5
101 114 128 144 161 181 203 228 256 287 322 362 406 456 512 575 645 724
812 912 1030 1150 1290 1440 1620 1820 2050 -1 -1 -1 -1 -1 -1 -1 -1 -1 -1
-1 -1 -1 -1 -1 -1 -1 -1 -1 -1 -1 -1 -1 -1 -1 -1 -1 -1 -1 -1 -1 -1 -1 -1
-1 -1 -1 -1 -1 -1 -1 -1 -1 -1 -1 -1 -1 -1 -1 -1 -1 -1 -1 -1 -1 -1 -1 -1
-1 -1 -1 -1 -1 -1 -1 -1 -1 -1 -1 -1 -1 -1 -1 -1 -1 -1 -1 -1 -1 -1 -1 -1
-1 -1 -1 -1 -1 -1 -1 -1 -1 -1 -1 -1 -1 -1 -1 -1 -1 -1 -1 -1 -1 -1 -1 -1
-1 -1 -1 -1 -1 -1 -1 -1 -1 -1 -1 -1 -1 -1 -1 -1 -1 -1 -1 -1 -1 -1 -1 -1
-1 -1 -1 -1 -1 -1 -1 -1 -1 -1 -1 -1 -1 -1 -1 -1 -1 -1 -1 -1 -1 -1 -1 -1
-1 -1 -1 -1 -1 -1 -1 -1 -1 -1 -1 -1 -1 -1 -1 -1 -1 -1 -1 -1 -1 -1 -1
##$RG_tab2= (0..255)
-1 -1 -1 -1 -1 -1 -1 -1 -1 -1 -1 -1 -1 -1 -1 -1 -1 -1 -1 -1 -1 -1 -1 -1
-1 -1 -1 -1 -1 -1 -1 -1 -1 -1 -1 -1 -1 -1 -1 -1 -1 -1 -1 -1 -1 -1 -1 -1
-1 -1 -1 -1 -1 -1 -1 -1 -1 -1 -1 -1 -1 -1 -1 -1 -1 -1 -1 -1 -1 -1 -1 -1
-1 -1 -1 -1 -1 -1 -1 -1 -1 -1 -1 -1 -1 -1 -1 -1 -1 -1 -1 -1 -1 -1 -1 -1
-1 -1 -1 -1 -1 -1 -1 -1 -1 -1 -1 -1 -1 -1 -1 -1 -1 -1 -1 -1 -1 -1 -1 -1
-1 -1 -1 -1 -1 -1 -1 -1 -1 -1 -1 -1 -1 -1 -1 -1 -1 -1 -1 -1 -1 -1 -1 -1
-1 -1 -1 -1 -1 -1 -1 -1 -1 -1 -1 -1 -1 -1 -1 -1 -1 -1 -1 -1 -1 -1 -1 -1
-1 -1 -1 -1 -1 -1 -1 -1 -1 -1 -1 -1 -1 -1 -1 -1 -1 -1 -1 -1 -1 -1 -1 -1
-1 -1 -1 -1 -1 -1 -1 -1 -1 -1 -1 -1 -1 -1 -1 -1 -1 -1 -1 -1 -1 -1 -1 -1
-1 -1 -1 -1 -1 -1 -1 -1 -1 -1 -1 -1 -1 -1 -1 -1 -1 -1 -1 -1 -1 -1 -1 -1
-1 -1 -1 -1 -1 -1 -1 -1 -1 -1 -1 -1 -1 -1 -1 -1
##$RG_tab3= (0..255)
-1 -1 -1 -1 -1 -1 -1 -1 -1 -1 -1 -1 -1 -1 -1 -1 -1 -1 -1 -1 -1 -1 -1 -1
-1 -1 -1 -1 -1 -1 -1 -1 -1 -1 -1 -1 -1 -1 -1 -1 -1 -1 -1 -1 -1 -1 -1 -1
-1 -1 -1 -1 -1 -1 -1 -1 -1 -1 -1 -1 -1 -1 -1 -1 -1 -1 -1 -1 -1 -1 -1 -1
-1 -1 -1 -1 -1 -1 -1 -1 -1 -1 -1 -1 -1 -1 -1 -1 -1 -1 -1 -1 -1 -1 -1 -1
-1 -1 -1 -1 -1 -1 -1 -1 -1 -1 -1 -1 -1 -1 -1 -1 -1 -1 -1 -1 -1 -1 -1 -1
-1 -1 -1 -1 -1 -1 -1 -1 -1 -1 -1 -1 -1 -1 -1 -1 -1 -1 -1 -1 -1 -1 -1 -1
-1 -1 -1 -1 -1 -1 -1 -1 -1 -1 -1 -1 -1 -1 -1 -1 -1 -1 -1 -1 -1 -1 -1 -1
-1 -1 -1 -1 -1 -1 -1 -1 -1 -1 -1 -1 -1 -1 -1 -1 -1 -1 -1 -1 -1 -1 -1 -1
-1 -1 -1 -1 -1 -1 -1 -1 -1 -1 -1 -1 -1 -1 -1 -1 -1 -1 -1 -1 -1 -1 -1 -1
-1 -1 -1 -1 -1 -1 -1 -1 -1 -1 -1 -1 -1 -1 -1 -1 -1 -1 -1 -1 -1 -1 -1 -1
-1 -1 -1 -1 -1 -1 -1 -1 -1 -1 -1 -1 -1 -1 -1 -1
##$RG_tab4= (0..255)
-1 -1 -1 -1 -1 -1 -1 -1 -1 -1 -1 -1 -1 -1 -1 -1 -1 -1 -1 -1 -1 -1 -1 -1
-1 -1 -1 -1 -1 -1 -1 -1 -1 -1 -1 -1 -1 -1 -1 -1 -1 -1 -1 -1 -1 -1 -1 -1
-1 -1 -1 -1 -1 -1 -1 -1 -1 -1 -1 -1 -1 -1 -1 -1 -1 -1 -1 -1 -1 -1 -1 -1
-1 -1 -1 -1 -1 -1 -1 -1 -1 -1 -1 -1 -1 -1 -1 -1 -1 -1 -1 -1 -1 -1 -1 -1
-1 -1 -1 -1 -1 -1 -1 -1 -1 -1 -1 -1 -1 -1 -1 -1 -1 -1 -1 -1 -1 -1 -1 -1
-1 -1 -1 -1 -1 -1 -1 -1 -1 -1 -1 -1 -1 -1 -1 -1 -1 -1 -1 -1 -1 -1 -1 -1
-1 -1 -1 -1 -1 -1 -1 -1 -1 -1 -1 -1 -1 -1 -1 -1 -1 -1 -1 -1 -1 -1 -1 -1
-1 -1 -1 -1 -1 -1 -1 -1 -1 -1 -1 -1 -1 -1 -1 -1 -1 -1 -1 -1 -1 -1 -1 -1
-1 -1 -1 -1 -1 -1 -1 -1 -1 -1 -1 -1 -1 -1 -1 -1 -1 -1 -1 -1 -1 -1 -1 -1
-1 -1 -1 -1 -1 -1 -1 -1 -1 -1 -1 -1 -1 -1 -1 -1 -1 -1 -1 -1 -1 -1 -1 -1
-1 -1 -1 -1 -1 -1 -1 -1 -1 -1 -1 -1 -1 -1 -1 -1
##$RG_tab5= (0..255)
-1 -1 -1 -1 -1 -1 -1 -1 -1 -1 -1 -1 -1 -1 -1 -1 -1 -1 -1 -1 -1 -1 -1 -1
-1 -1 -1 -1 -1 -1 -1 -1 -1 -1 -1 -1 -1 -1 -1 -1 -1 -1 -1 -1 -1 -1 -1 -1
-1 -1 -1 -1 -1 -1 -1 -1 -1 -1 -1 -1 -1 -1 -1 -1 -1 -1 -1 -1 -1 -1 -1 -1
-1 -1 -1 -1 -1 -1 -1 -1 -1 -1 -1 -1 -1 -1 -1 -1 -1 -1 -1 -1 -1 -1 -1 -1
-1 -1 -1 -1 -1 -1 -1 -1 -1 -1 -1 -1 -1 -1 -1 -1 -1 -1 -1 -1 -1 -1 -1 -1
-1 -1 -1 -1 -1 -1 -1 -1 -1 -1 -1 -1 -1 -1 -1 -1 -1 -1 -1 -1 -1 -1 -1 -1
-1 -1 -1 -1 -1 -1 -1 -1 -1 -1 -1 -1 -1 -1 -1 -1 -1 -1 -1 -1 -1 -1 -1 -1
-1 -1 -1 -1 -1 -1 -1 -1 -1 -1 -1 -1 -1 -1 -1 -1 -1 -1 -1 -1 -1 -1 -1 -1
-1 -1 -1 -1 -1 -1 -1 -1 -1 -1 -1 -1 -1 -1 -1 -1 -1 -1 -1 -1 -1 -1 -1 -1
-1 -1 -1 -1 -1 -1 -1 -1 -1 -1 -1 -1 -1 -1 -1 -1 -1 -1 -1 -1 -1 -1 -1 -1
-1 -1 -1 -1 -1 -1 -1 -1 -1 -1 -1 -1 -1 -1 -1 -1
##$RG_tab6= (0..255)
-1 -1 -1 -1 -1 -1 -1 -1 -1 -1 -1 -1 -1 -1 -1 -1 -1 -1 -1 -1 -1 -1 -1 -1
-1 -1 -1 -1 -1 -1 -1 -1 -1 -1 -1 -1 -1 -1 -1 -1 -1 -1 -1 -1 -1 -1 -1 -1
-1 -1 -1 -1 -1 -1 -1 -1 -1 -1 -1 -1 -1 -1 -1 -1 -1 -1 -1 -1 -1 -1 -1 -1
-1 -1 -1 -1 -1 -1 -1 -1 -1 -1 -1 -1 -1 -1 -1 -1 -1 -1 -1 -1 -1 -1 -1 -1
-1 -1 -1 -1 -1 -1 -1 -1 -1 -1 -1 -1 -1 -1 -1 -1 -1 -1 -1 -1 -1 -1 -1 -1
-1 -1 -1 -1 -1 -1 -1 -1 -1 -1 -1 -1 -1 -1 -1 -1 -1 -1 -1 -1 -1 -1 -1 -1
-1 -1 -1 -1 -1 -1 -1 -1 -1 -1 -1 -1 -1 -1 -1 -1 -1 -1 -1 -1 -1 -1 -1 -1
-1 -1 -1 -1 -1 -1 -1 -1 -1 -1 -1 -1 -1 -1 -1 -1 -1 -1 -1 -1 -1 -1 -1 -1
-1 -1 -1 -1 -1 -1 -1 -1 -1 -1 -1 -1 -1 -1 -1 -1 -1 -1 -1 -1 -1 -1 -1 -1
-1 -1 -1 -1 -1 -1 -1 -1 -1 -1 -1 -1 -1 -1 -1 -1 -1 -1 -1 -1 -1 -1 -1 -1
-1 -1 -1 -1 -1 -1 -1 -1 -1 -1 -1 -1 -1 -1 -1 -1
##$RG_tab7= (0..255)
-1 -1 -1 -1 -1 -1 -1 -1 -1 -1 -1 -1 -1 -1 -1 -1 -1 -1 -1 -1 -1 -1 -1 -1
-1 -1 -1 -1 -1 -1 -1 -1 -1 -1 -1 -1 -1 -1 -1 -1 -1 -1 -1 -1 -1 -1 -1 -1
-1 -1 -1 -1 -1 -1 -1 -1 -1 -1 -1 -1 -1 -1 -1 -1 -1 -1 -1 -1 -1 -1 -1 -1
-1 -1 -1 -1 -1 -1 -1 -1 -1 -1 -1 -1 -1 -1 -1 -1 -1 -1 -1 -1 -1 -1 -1 -1
-1 -1 -1 -1 -1 -1 -1 -1 -1 -1 -1 -1 -1 -1 -1 -1 -1 -1 -1 -1 -1 -1 -1 -1
-1 -1 -1 -1 -1 -1 -1 -1 -1 -1 -1 -1 -1 -1 -1 -1 -1 -1 -1 -1 -1 -1 -1 -1
-1 -1 -1 -1 -1 -1 -1 -1 -1 -1 -1 -1 -1 -1 -1 -1 -1 -1 -1 -1 -1 -1 -1 -1
-1 -1 -1 -1 -1 -1 -1 -1 -1 -1 -1 -1 -1 -1 -1 -1 -1 -1 -1 -1 -1 -1 -1 -1
-1 -1 -1 -1 -1 -1 -1 -1 -1 -1 -1 -1 -1 -1 -1 -1 -1 -1 -1 -1 -1 -1 -1 -1
-1 -1 -1 -1 -1 -1 -1 -1 -1 -1 -1 -1 -1 -1 -1 -1 -1 -1 -1 -1 -1 -1 -1 -1
-1 -1 -1 -1 -1 -1 -1 -1 -1 -1 -1 -1 -1 -1 -1 -1
##$RG_tab8= (0..255)
-1 -1 -1 -1 -1 -1 -1 -1 -1 -1 -1 -1 -1 -1 -1 -1 -1 -1 -1 -1 -1 -1 -1 -1
-1 -1 -1 -1 -1 -1 -1 -1 -1 -1 -1 -1 -1 -1 -1 -1 -1 -1 -1 -1 -1 -1 -1 -1
-1 -1 -1 -1 -1 -1 -1 -1 -1 -1 -1 -1 -1 -1 -1 -1 -1 -1 -1 -1 -1 -1 -1 -1
-1 -1 -1 -1 -1 -1 -1 -1 -1 -1 -1 -1 -1 -1 -1 -1 -1 -1 -1 -1 -1 -1 -1 -1
-1 -1 -1 -1 -1 -1 -1 -1 -1 -1 -1 -1 -1 -1 -1 -1 -1 -1 -1 -1 -1 -1 -1 -1
-1 -1 -1 -1 -1 -1 -1 -1 -1 -1 -1 -1 -1 -1 -1 -1 -1 -1 -1 -1 -1 -1 -1 -1
-1 -1 -1 -1 -1 -1 -1 -1 -1 -1 -1 -1 -1 -1 -1 -1 -1 -1 -1 -1 -1 -1 -1 -1
-1 -1 -1 -1 -1 -1 -1 -1 -1 -1 -1 -1 -1 -1 -1 -1 -1 -1 -1 -1 -1 -1 -1 -1
-1 -1 -1 -1 -1 -1 -1 -1 -1 -1 -1 -1 -1 -1 -1 -1 -1 -1 -1 -1 -1 -1 -1 -1
-1 -1 -1 -1 -1 -1 -1 -1 -1 -1 -1 -1 -1 -1 -1 -1 -1 -1 -1 -1 -1 -1 -1 -1
-1 -1 -1 -1 -1 -1 -1 -1 -1 -1 -1 -1 -1 -1 -1 -1
##$RG_tabA= (0..255)
0.25 0.28 0.32 0.35 0.4 0.44 0.5 0.56 0.64 0.7 0.8 0.89 1 1.12 1.28 1.4
1.6 1.78 2 2.25 2.56 2.8 3.2 3.56 4 4.5 5 5.6 6.35 7.12 8 9 10 11.3 12.7
14.2 16 18 20.2 22.6 25.4 28.5 32 36 40.3 45.2 50.8 57 64 71.8 80.6 90.5
101 114 128 144 161 181 203 228 256 287 322 362 406 456 512 575 645 724
812 912 1030 1150 1290 1440 1620 1820 2050 -1 -1 -1 -1 -1 -1 -1 -1 -1 -1
-1 -1 -1 -1 -1 -1 -1 -1 -1 -1 -1 -1 -1 -1 -1 -1 -1 -1 -1 -1 -1 -1 -1 -1
-1 -1 -1 -1 -1 -1 -1 -1 -1 -1 -1 -1 -1 -1 -1 -1 -1 -1 -1 -1 -1 -1 -1 -1
-1 -1 -1 -1 -1 -1 -1 -1 -1 -1 -1 -1 -1 -1 -1 -1 -1 -1 -1 -1 -1 -1 -1 -1
-1 -1 -1 -1 -1 -1 -1 -1 -1 -1 -1 -1 -1 -1 -1 -1 -1 -1 -1 -1 -1 -1 -1 -1
-1 -1 -1 -1 -1 -1 -1 -1 -1 -1 -1 -1 -1 -1 -1 -1 -1 -1 -1 -1 -1 -1 -1 -1
-1 -1 -1 -1 -1 -1 -1 -1 -1 -1 -1 -1 -1 -1 -1 -1 -1 -1 -1 -1 -1 -1 -1 -1
-1 -1 -1 -1 -1 -1 -1 -1 -1 -1 -1 -1 -1 -1 -1 -1 -1 -1 -1 -1 -1 -1 -1
##$ROUT14= (0..7)
0 0 0 0 0 0 0 0
##$ROUTER= -1
##$RX22TY= <no>
##$RXFMAX= (0..7)
1072.5 -1 -1 -1 -1 -1 -1 -1
##$RXFMIN= (0..7)
5 -1 -1 -1 -1 -1 -1 -1
##$RXINTLV= (0..7)
1 0 0 0 0 0 0 0
##$RXMSTY= <no>
##$SCMTY= <no>
##$SGUC1= (0..15)
33 34 17 36 0 0 0 0 0 0 0 0 0 0 0 0
##$SGUC2= (0..15)
18 256 35 0 0 0 0 0 0 0 0 0 0 0 0 0
##$SLCBCONF= <SHNV>
##$SPECTR= 10
##$SY2FLAG= 0
##$SYNCTRIG= 11
##$SamChgEth= (0..3)
<no> <no> <no> <no>
##$Sgu1PowerLevels= (0..7)
90 74 58 42 26 10 0 0
##$Sgu2PowerLevels= (0..7)
90 74 58 42 26 10 0 0
##$Sgu3PowerLevels= (0..7)
90 74 58 42 26 10 0 0
##$Sgu4PowerLevels= (0..7)
90 74 58 42 26 10 0 0
##$Sgu5PowerLevels= (0..7)
0 0 0 0 0 0 0 0
##$Sgu6PowerLevels= (0..7)
0 0 0 0 0 0 0 0
##$Sgu7PowerLevels= (0..7)
0 0 0 0 0 0 0 0
##$Sgu8PowerLevels= (0..7)
0 0 0 0 0 0 0 0
##$SguType= 3
##$ShimPowMaxUA= (0..63)
130000 130000 130000 130000 130000 130000 130000 130000 130000 130000 130000
130000 130000 130000 130000 130000 130000 130000 130000 130000 130000 130000
130000 130000 130000 130000 130000 130000 130000 130000 130000 130000 130000
130000 130000 130000 130000 130000 130000 130000 0 0 0 0 0 0 0 0 0 0 0
0 0 0 0 0 0 0 0 0 0 0 0 0
##$ShimPowMaxUC= (0..63)
130000 130000 130000 130000 130000 130000 130000 130000 130000 130000 130000
130000 130000 130000 130000 130000 130000 130000 130000 130000 130000 130000
130000 130000 130000 130000 130000 130000 130000 130000 130000 130000 130000
130000 130000 130000 130000 130000 130000 130000 0 0 0 0 0 0 0 0 0 0 0
0 0 0 0 0 0 0 0 0 0 0 0 0
##$ShimPowMaxUG= (0..63)
524287 524287 524287 524287 524287 524287 524287 524287 524287 524287 524287
524287 524287 524287 524287 524287 524287 524287 524287 524287 524287 524287
524287 524287 524287 524287 524287 524287 524287 524287 524287 524287 524287
524287 524287 524287 524287 524287 524287 0 0 0 0 0 0 0 0 0 0 0 0 0 0 0
0 0 0 0 0 0 0 0 0 0
##$ShimPowRcbType= 3
##$ShimPowRes= (0..63)
1e-20 1e-20 1e-20 1e-20 1e-20 1e-20 1e-20 1e-20 1e-20 1e-20 1e-20 1e-20
1e-20 1e-20 1e-20 1e-20 1e-20 1e-20 1e-20 1e-20 1e-20 1e-20 1e-20 1e-20
1e-20 1e-20 1e-20 1e-20 1e-20 1e-20 1e-20 1e-20 1e-20 1e-20 1e-20 1e-20
1e-20 1e-20 1e-20 1e-20 0 0 0 0 0 0 0 0 0 0 0 0 0 0 0 0 0 0 0 0 0 0 0 0
##$ShimPowRng0= (0..63)
1 1 1 1 1 1 1 1 1 1 1 1 1 1 1 1 1 1 1 1 1 1 1 1 1 1 1 1 1 1 1 1 1 1 1 1
1 1 1 1 0 0 0 0 0 0 0 0 0 0 0 0 0 0 0 0 0 0 0 0 0 0 0 0
##$ShimPowRng1= (0..63)
1 1 1 1 1 1 1 1 1 1 1 1 1 1 1 1 1 1 1 1 1 1 1 1 1 1 1 1 1 1 1 1 1 1 1 1
1 1 1 1 0 0 0 0 0 0 0 0 0 0 0 0 0 0 0 0 0 0 0 0 0 0 0 0
##$ShimPowRng2= (0..63)
1 1 1 1 1 1 1 1 1 1 1 1 1 1 1 1 1 1 1 1 1 1 1 1 1 1 1 1 1 1 1 1 1 1 1 1
1 1 1 1 0 0 0 0 0 0 0 0 0 0 0 0 0 0 0 0 0 0 0 0 0 0 0 0
##$ShimPowRng3= (0..63)
1 1 1 1 1 1 1 1 1 1 1 1 1 1 1 1 1 1 1 1 1 1 1 1 1 1 1 1 1 1 1 1 1 1 1 1
1 1 1 1 0 0 0 0 0 0 0 0 0 0 0 0 0 0 0 0 0 0 0 0 0 0 0 0
##$ShimSysFunc= (0..63)
1 2 3 4 5 6 7 8 9 10 0 37 38 35 16 15 14 13 12 11 28 27 26 25 24 23 36
22 30 29 20 21 34 33 32 31 17 18 19 0 0 0 0 0 0 0 0 0 0 0 0 0 0 0 0 0 0
0 0 0 0 0 0 0
##$ShimSysMatrix= 0
##$ShimSysType= 4
##$TFXNUM= 0
##$TRIPLO2= 0
##$VTU= 2
##$VTUETH= <149.236.99.20>
##$VTUTY= <no>
##$WBREFAM= (0..15)
100.2 100 100 100 100 100 100 100 100 100 100 100 100 100 100 100
##$WBREFLM= (0..15)
1 0 0 0 0 1 0 0 0 0 0 0 0 0 0 0
##$WBREFPH= (0..15)
0.15 0 0 0 0 0 0 0 0 0 0 0 0 0 0 0
##$WBSGU= (0..15)
0 0 0 0 0 0 0 0 0 0 0 0 0 0 0 0
##$XFAC= 2
##END=
