##TITLE= Parameter file, TOPSPIN		Version 2.0
##JCAMPDX= 5.0
##DATATYPE= Parameter Values
##NPOINTS= 9	$$ modification sequence number
##ORIGIN= Bruker BioSpin GmbH
##OWNER= tf
$$ 2008-06-30 10:30:35.071 +0100  ccukier@spec602
$$ /nmrdata/data/ccukier/nmr/RRM12LL_FBPNbox_new/2/pdata/1/clevels
$$ process /opt/topspin/prog/mod/proc2d
##$LEVELS= (0..255)
6623.45 -6623.45 7014.93 -7014.93 7429.54 -7429.54 7868.66 -7868.66 8333.73 
-8333.73 8826.29 -8826.29 9347.96 -9347.96 9900.47 -9900.47 10485.63 -10485.63 
11105.37 -11105.37 11761.75 -11761.75 12456.92 -12456.92 13193.18 -13193.18 
13972.95 -13972.95 14798.82 -14798.82 15673.49 -15673.49 16599.86 -16599.86 
17580.99 -17580.99 18620.1 -18620.1 19720.63 -19720.63 0 0 0 0 0 0 0 0 
0 0 0 0 0 0 0 0 0 0 0 0 0 0 0 0 0 0 0 0 0 0 0 0 0 0 0 0 0 0 0 0 0 0 0 
0 0 0 0 0 0 0 0 0 0 0 0 0 0 0 0 0 0 0 0 0 0 0 0 0 0 0 0 0 0 0 0 0 0 0 
0 0 0 0 0 0 0 0 0 0 0 0 0 0 0 0 0 0 0 0 0 0 0 0 0 0 0 0 0 0 0 0 0 0 0 
0 0 0 0 0 0 0 0 0 0 0 0 0 0 0 0 0 0 0 0 0 0 0 0 0 0 0 0 0 0 0 0 0 0 0 
0 0 0 0 0 0 0 0 0 0 0 0 0 0 0 0 0 0 0 0 0 0 0 0 0 0 0 0 0 0 0 0 0 0 0 
0 0 0 0 0 0 0 0 0 0 0 0 0 0 0 0 0 0 0 0 0 0 0 0 0 0 0 0 0 0 0 0 0 
##$LEVSIGN= 3
##$MAXLEV= 20
##$METHOD= 0
##$NEGBASE= -6623.45
##$NEGINCR= 1.8
##$POSBASE= 6623.45
##$POSINCR= 1.8
##END=
