##TITLE= Parameter file, TopSpin 3.5 pl 6
##JCAMPDX= 5.0
##DATATYPE= Parameter Values
##NPOINTS= 1	$$ modification sequence number
##ORIGIN= Bruker BioSpin GmbH
##OWNER= waudbyc
$$ 2021-12-23 18:08:29.366 +0000  waudbyc@cl-nmr-spec950
$$ /home/waudbyc/nmr/chris_cJun_wt_211221/410/pdata/1/clevels
$$ process /opt/topspin3.5pl6/prog/mod/edparproc
##$LEVELS= (0..255)
-227644.811683875 -126469.339824375 -70260.744346875 -39033.746859375 -21685.414921875
-12047.452734375 -6693.029296875 -3718.349609375 3718.349609375 6693.029296875
12047.452734375 21685.414921875 39033.746859375 70260.744346875 126469.339824375
227644.811683875 0 0 0 0 0 0 0 0 0 0 0 0 0 0 0 0 0 0 0 0 0 0 0 0 0 0 0
0 0 0 0 0 0 0 0 0 0 0 0 0 0 0 0 0 0 0 0 0 0 0 0 0 0 0 0 0 0 0 0 0 0 0 0
0 0 0 0 0 0 0 0 0 0 0 0 0 0 0 0 0 0 0 0 0 0 0 0 0 0 0 0 0 0 0 0 0 0 0 0
0 0 0 0 0 0 0 0 0 0 0 0 0 0 0 0 0 0 0 0 0 0 0 0 0 0 0 0 0 0 0 0 0 0 0 0
0 0 0 0 0 0 0 0 0 0 0 0 0 0 0 0 0 0 0 0 0 0 0 0 0 0 0 0 0 0 0 0 0 0 0 0
0 0 0 0 0 0 0 0 0 0 0 0 0 0 0 0 0 0 0 0 0 0 0 0 0 0 0 0 0 0 0 0 0 0 0 0
0 0 0 0 0 0 0 0 0 0 0 0 0 0 0 0 0 0 0 0 0 0 0 0 0 0 0 0 0 0 0 0 0
##$LEVSIGN= 3
##$MAXLEV= 8
##$METHOD= 0
##$NEGBASE= -475948.75
##$NEGINCR= 1.8
##$POSBASE= 475948.75
##$POSINCR= 1.8
##END=
