##TITLE= Parameter file, TOPSPIN		Version 2.0
##JCAMPDX= 5.0
##DATATYPE= Parameter Values
##NPOINTS= 11	$$ modification sequence number
##ORIGIN= Bruker BioSpin GmbH
##OWNER= tf
$$ 2008-06-30 12:00:51.095 +0100  ccukier@spec602
$$ /nmrdata/data/ccukier/nmr/RRM12LL_FBPNbox_new/4/pdata/1/clevels
$$ process /opt/topspin/prog/mod/proc2d
##$LEVELS= (0..255)
3858.51 -3858.51 4360.51 -4360.51 4927.82 -4927.82 5568.94 -5568.94 6293.46 
-6293.46 7112.25 -7112.25 8037.57 -8037.57 9083.27 -9083.27 10265.02 -10265.02 
11600.51 -11600.51 13109.75 -13109.75 14815.35 -14815.35 16742.85 -16742.85 
18921.12 -18921.12 21382.79 -21382.79 24164.72 -24164.72 27308.59 -27308.59 
30861.48 -30861.48 34876.6 -34876.6 39414.1 -39414.1 0 0 0 0 0 0 0 0 0 
0 0 0 0 0 0 0 0 0 0 0 0 0 0 0 0 0 0 0 0 0 0 0 0 0 0 0 0 0 0 0 0 0 0 0 
0 0 0 0 0 0 0 0 0 0 0 0 0 0 0 0 0 0 0 0 0 0 0 0 0 0 0 0 0 0 0 0 0 0 0 
0 0 0 0 0 0 0 0 0 0 0 0 0 0 0 0 0 0 0 0 0 0 0 0 0 0 0 0 0 0 0 0 0 0 0 
0 0 0 0 0 0 0 0 0 0 0 0 0 0 0 0 0 0 0 0 0 0 0 0 0 0 0 0 0 0 0 0 0 0 0 
0 0 0 0 0 0 0 0 0 0 0 0 0 0 0 0 0 0 0 0 0 0 0 0 0 0 0 0 0 0 0 0 0 0 0 
0 0 0 0 0 0 0 0 0 0 0 0 0 0 0 0 0 0 0 0 0 0 0 0 0 0 0 0 0 0 0 0 
##$LEVSIGN= 3
##$MAXLEV= 20
##$METHOD= 0
##$NEGBASE= -3858.51
##$NEGINCR= 1.8
##$POSBASE= 3858.51
##$POSINCR= 1.8
##END=
